88475
43085
56448
46245
85842
29557
34684
405
3826
12885
97460
95696
33161
45368
33310
32704
34426
4345
54569
90447
26373
23698
65558
64535
60833
70049
75311
67811
87997
69590
70689
90564
61591
37904
41864
92273
72673
99894
75296
42697
3642
86067
85688
58775
77764
75404
29261
68903
80725
73829
10905
25650
82782
37207
55438
88779
55350
38574
64210
347
54233
43214
37140
100
1557
28139
70095
40632
78136
65810
39113
97547
13430
86602
15581
33082
82134
13796
70277
19742
91175
72114
91588
47508
50261
60409
74432
15530
39836
68767
78462
73014
31847
11553
74439
61713
32741
88152
12546
71880
13497
57893
72213
36534
49011
71599
31915
56026
63178
70606
70894
10898
5234
38793
36680
19313
41985
39633
95529
76829
45653
85284
94664
45267
37327
61617
50586
77400
34514
75394
60910
48728
50060
28132
90047
48537
10111
24224
57974
659
50913
66146
31518
67787
9072
1839
12496
37588
40443
4692
2774
23446
25225
41135
83741
93803
19623
89206
39109
25031
30525
7274
5710
77231
14698
52902
48704
2074
6420
9989
52537
36610
23895
96084
94103
67023
28067
66391
83944
83737
2209
19532
59592
66201
97353
78115
42659
13731
79312
96581
11005
87538
81125
651
14540
76871
69016
51863
89079
73923
24447
92965
19878
77620
43092
21078
46455
60738
4293
22513
91544
84731
13290
84005
61094
33815
68062
54909
76905
44841
86605
65941
5611
25761
74984
93363
86018
65482
40003
93821
47404
93058
83456
68566
17547
9139
55926
37418
21066
13377
11114
92198
93509
84708
72289
78693
12976
63421
44851
9122
61621
64629
98294
31558
82279
25918
5432
76905
63927
66781
91743
87139
22028
22888
55294
54820
50496
1752
58835
54956
68169
33091
57440
56722
84173
20828
38162
99488
17505
61918
33647
30716
16518
71677
58067
80074
44465
64429
97418
42071
4617
40636
41916
83991
64637
61765
31063
35323
58856
81647
54200
68312
49789
95557
5767
23599
25103
72500
28803
4865
41028
48048
8226
45531
58950
81168
87336
93862
63001
20491
5327
59085
85571
82630
19825
73263
50308
32307
91224
9655
82166
39347
32367
34282
5374
52486
48598
24177
60455
48339
94067
25624
61091
57596
70412
1199
8335
96029
75695
39049
46361
99750
7199
59302
45552
17631
10243
7075
71578
25575
18351
52118
4160
34559
2644
1023
93839
53848
11606
7988
64670
18532
70704
70033
3940
90346
1975
58345
86577
85723
63388
64907
86712
19233
2952
73011
35985
90590
18247
91366
27165
71635
66594
77276
2441
62881
13515
63717
63686
63075
25257
99511
54537
96417
29452
40684
69804
87362
58470
53349
95790
94465
81923
51670
96754
18077
15352
82447
48763
54696
67910
28733
96604
34536
83100
45667
5707
18866
22417
4528
56790
44176
12105
39453
43636
1972
34164
38039
64340
4027
62681
74984
71322
75148
13680
42472
63059
50260
41177
86487
51968
28209
10815
45957
17142
22329
90520
39652
94010
52084
79445
60107
78551
36162
18783
52202
16025
23547
13018
15191
26353
23162
90947
88346
73154
65776
57711
82927
99258
73832
52609
50451
18843
15562
49738
56423
8636
20960
56944
9054
50527
91564
32887
41601
5785
23712
60433
68894
79768
66773
32498
2827
75573
66592
3039
97453
81676
99741
67355
49187
84836
56168
33546
10548
49482
21683
95335
91247
93787
58770
16813
27691
63447
8985
85783
62360
33676
32990
35655
32237
58143
5218
66571
42229
95030
97487
81702
49050
45076
56005
81374
34384
22782
97968
53696
87239
71088
8588
215
66171
35890
39897
39258
58316
61261
52838
52543
36513
3761
85592
43848
39543
22113
18785
95961
67773
73347
43565
43663
54441
43800
91203
69512
51207
50821
74642
35028
38916
73163
84591
51631
54428
66159
34175
4931
88311
59716
57520
22642
5562
71394
41389
77127
36862
25202
5977
60062
95630
48404
50291
54543
21263
59025
25925
26125
90731
8513
79189
26110
69431
16846
17156
53193
31605
33756
1743
79673
11920
65785
38447
30664
44190
56494
32160
60937
33141
6461
62025
17698
32629
26990
26904
89330
14048
8828
10156
80147
74697
45350
75825
86427
88292
46044
71823
78979
897
32713
94545
34677
46352
12760
80786
43882
43233
61865
57774
33682
88695
95900
84015
47930
85593
15191
83294
87894
97681
84788
13401
79328
76169
18002
11637
76163
47299
13925
26511
13021
33468
40040
71655
48641
69866
56121
61140
59352
71054
59330
97655
2784
12753
54901
7476
82293
46726
94294
74985
39824
33280
74828
98462
88209
20928
66624
15208
16217
73248
66925
47455
64944
67875
24027
78939
98193
30664
16229
92155
72763
38749
71574
19984
98395
21179
78238
95053
40997
98201
28300
13681
83537
33589
20052
48337
9697
80224
26212
2857
66451
25551
68214
58740
66084
9535
4771
54065
59029
82519
55245
13065
29278
15631
83639
82564
10629
72397
21386
97236
72282
93619
28155
8583
90713
39767
23659
94975
16292
20253
89397
15135
53013
92201
94170
91610
81069
54929
90680
52853
34540
52198
75988
48579
81178
42994
31976
34496
15677
65921
50135
55839
89857
57085
96291
40912
30061
12544
51344
94996
72487
67061
56349
55096
46508
1288
87955
93300
22705
31928
18092
23136
54523
94991
36399
68412
72736
55287
56630
9380
71221
15085
30405
35340
26140
56110
93113
72591
7692
5858
2253
56319
23984
95567
96448
76328
47583
8269
77084
39027
45533
18592
6457
81080
79128
65541
80259
97146
60845
46509
2604
55634
45738
71798
2040
42256
38805
49821
48060
57337
56217
9851
18088
60257
14749
82922
3038
40939
10998
82959
14398
56632
70246
17318
4746
55354
80012
88999
54429
58819
46764
770
24226
78614
17764
76425
59246
55674
88934
64526
8107
4375
33120
77218
97335
19791
49225
59930
59679
4248
4300
91315
47678
86911
83289
880
78057
67430
44231
55376
16491
91190
12369
15973
14741
81492
36726
83210
42492
2440
27870
65357
61677
78684
36235
35233
68198
98672
5294
59159
69838
85979
87606
84279
5030
18609
89663
9328
75035
58926
57571
1001
21445
7019
80265
95263
9877
60139
27617
64008
75325
98718
98183
97182
26929
64495
2693
90132
99708
72925
43648
63734
28480
81138
56305
28958
19922
1768
84692
37873
60065
93601
33611
97503
88793
65385
21397
6475
33974
67751
88306
1963
56915
84438
37998
59562
56826
86021
82235
26763
91313
31037
70850
97461
31061
22992
49117
87371
77273
2784
87664
75453
71959
75950
47299
45003
91989
70947
69098
31122
40749
9921
70493
43454
38122
24060
40093
32345
14576
79687
20547
4838
49418
10789
23392
85892
89951
50902
83586
79955
22752
96617
9541
86693
78952
94004
32522
41295
49765
87686
80426
74911
88840
11620
20583
5495
82646
30230
36216
73946
95690
12699
90490
76003
94368
32693
81343
95782
9776
87
36139
4627
10588
91931
21373
54214
10422
35826
90120
54742
93024
55862
82568
9581
40026
93587
41503
3028
89076
19776
60654
42984
55770
96814
40487
87032
64044
74381
477
92620
26816
81099
56807
31388
42708
84070
28113
45005
63224
96274
21344
52274
16492
54512
1397
75008
23568
25408
93743
17407
60697
77785
53367
14950
47709
9356
72733
32026
48648
90105
80088
86309
72426
12026
86945
90185
76074
54786
69298
33922
2477
60409
92128
54035
74794
73735
52919
17208
15850
53492
86529
90352
84890
30482
93552
78367
90824
2003
57198
47924
57903
71192
21185
54976
51359
51461
94309
48458
2194
3320
84539
64089
8874
86650
27101
64790
58745
5086
7859
11942
65185
35654
61322
48153
10208
44878
71070
47524
14674
8288
90659
3716
41789
40069
26310
90481
33038
25334
18370
53008
66131
14455
75748
85052
80107
63565
64039
74305
67474
62521
65766
96865
96366
50134
12992
86341
99173
99115
99423
18811
1819
42626
22303
37081
4438
59586
55749
13143
11109
33961
63823
88749
72881
13081
49939
94473
71423
89274
11820
71661
59201
57890
24
71906
37879
35602
67010
93823
67686
79633
86821
94840
22973
5199
5757
7005
2708
42345
64963
80800
15057
73480
20604
94631
13955
88636
78374
52825
33736
93471
83166
32207
19164
84923
37605
81152
74992
85376
14675
81151
87204
81773
57669
92832
41076
41091
86045
62907
46733
30621
97315
49594
86329
53668
69185
8087
41036
73710
21083
23366
79172
22668
99581
84635
74351
21068
96543
59534
69950
12969
73990
19465
41486
98662
13528
97699
65846
75189
85494
85243
20887
66364
9976
25714
89381
83482
70136
69672
94751
914
16088
79825
30426
27944
87807
26166
13140
35791
31071
23568
51036
30582
5507
93994
41556
48377
75030
43151
81351
62309
33487
79682
82388
35166
37672
28423
18574
67438
96895
11772
54918
98279
12998
82719
67967
58113
82927
71601
89745
3374
99718
42311
94780
84364
35241
90427
85653
11164
92218
10128
21870
95158
2237
71162
99
26027
55172
8815
26869
10680
57992
80389
62212
54576
19565
23360
2900
17059
71808
57421
17895
15274
82716
59862
63453
82871
66302
38727
90359
40899
63731
35181
14278
26903
21848
29934
85783
75626
93845
3545
45758
79450
78834
56658
12266
69053
51111
71171
77229
370
56866
79030
389
70757
92171
86408
63594
22500
54834
27587
11335
53738
79393
39455
89835
47070
65642
6504
30198
55002
36192
605
9128
84489
70054
80437
492
66097
70681
38897
33940
59235
28485
78897
87788
55145
61769
4380
63173
15644
1849
34813
60611
80372
79726
95856
24964
56367
8925
48979
61670
33844
59749
36413
48047
74273
88327
6933
62023
78084
4304
23978
21766
76099
447
4528
48881
74762
53661
38874
5917
68811
75465
53788
53207
8573
58871
51560
32093
66223
63243
3199
58262
9335
51426
61889
73354
46789
25771
65588
57903
67201
75769
58128
99871
68029
89117
50856
16314
86974
6010
95569
38156
4596
57073
23714
40497
96829
59886
26387
80629
52687
65261
31248
50087
72172
27665
30294
78423
81144
68712
93672
29968
9413
41347
69132
93385
83336
16222
94777
75751
82462
40682
46339
10618
79357
90678
40484
7865
46002
71017
20664
50809
40102
89727
81608
23270
70953
78326
87162
79158
48591
39488
49285
98104
1927
72461
63689
40048
9894
60402
87164
6295
93492
20745
38393
63443
26370
83183
71807
66419
8498
95979
65061
65391
86358
41410
1552
69817
81868
62474
88057
6821
36099
45644
94657
71870
51035
99277
62576
52900
82923
86881
11758
58592
66325
63921
39649
68913
68200
92745
13932
20229
1085
16245
91098
83136
40840
73226
26032
32976
42666
83183
114
33156
10415
99080
75051
32560
84649
60663
84506
83914
5544
71312
21684
99980
78836
61757
60380
5383
52042
7462
82276
90199
85166
75495
63790
1916
62437
99385
55841
92747
7493
89253
8355
29702
9616
21670
49961
23385
92397
27179
98239
71769
22342
17247
43905
37153
78230
45564
86436
76333
69462
77273
26042
32755
95859
18405
46129
55739
18779
96797
10593
6478
87928
60198
44577
20030
21800
22016
45974
38142
63933
9774
22502
72807
84623
53624
65308
5209
51197
53528
87363
52593
47009
36012
48647
6920
78624
99593
90264
59182
78533
7157
94123
11938
32807
94393
91709
25769
2220
3559
57368
43377
95497
38732
284
50528
43452
56153
93395
8482
71388
25098
1770
74989
54406
11565
24455
32301
1208
23351
54200
77568
17117
62324
87701
98005
71706
54418
2211
43482
41820
51272
52297
8926
29809
68393
37408
8656
382
55190
95542
30016
47315
96881
41024
82029
45755
89268
82036
44072
74261
31018
3520
94378
25087
58212
40601
28570
44578
71760
79831
21719
32646
8152
25621
4920
97091
62577
808
59932
38611
65494
32627
45987
10988
16517
93172
46931
37651
93942
51378
33035
47872
45125
63761
50852
28061
60269
6169
30746
76815
15127
50901
67564
16309
33721
63257
21359
25489
63812
20113
25498
64865
95489
52142
73498
22229
3412
14403
58094
79778
34150
74934
99178
62698
35429
11810
68914
52797
50551
68707
67652
11674
68745
42934
27004
78909
31919
62022
80613
44938
95924
77696
98413
22893
36046
16425
21850
32774
82132
26074
77676
9273
95479
36891
67522
12639
53505
64805
64100
99324
52840
90960
70798
76959
62572
28762
32820
33690
917
32029
37205
35387
75762
92255
25695
75883
23335
47883
73677
21407
35978
46058
10870
23146
76236
16919
29369
76923
25272
11016
97770
90067
46783
17332
95284
35614
75906
67314
18542
56886
42942
28916
54604
39724
52757
57361
40045
93222
50688
84113
45911
63210
65252
13395
87792
53424
10466
96521
80624
38909
67976
35274
72895
76189
36546
75357
5668
76590
40911
65865
62886
93990
64476
58301
87469
22200
55119
71406
25954
48643
14460
80893
63529
30507
85674
66478
800
18768
35378
76887
15313
23172
91446
18429
58715
68528
18765
92354
88302
86065
88979
80349
85398
69558
5193
50814
14719
51914
90769
25238
34017
19994
92482
73016
6580
6460
93026
9597
69543
92814
39589
73717
82545
5070
11895
61301
64675
35823
18223
16890
61460
35752
71172
33966
79987
20115
71228
30459
72041
81669
96378
65808
58249
92079
53088
7431
19547
45723
4521
1297
24674
46648
42056
59097
79615
39404
61624
36137
81000
70761
72969
58902
59022
55733
33070
89637
36584
23210
89024
38234
69212
84602
19820
96910
20337
57102
17791
37577
74455
80573
16448
99163
8222
20561
46648
29336
50268
21636
77368
87545
50954
32114
80202
19788
72310
23419
98531
50767
73984
68132
87736
62511
25468
26225
50937
5703
88574
9118
98557
23861
711
17345
2106
27371
89756
85349
12335
12687
78083
19406
98374
29064
10912
67746
94657
95154
52224
68329
51153
98806
31565
56130
94707
21803
33904
43041
24114
74385
17511
25093
37748
22416
77499
84740
70472
69389
50974
33420
486
54190
77381
53991
11474
5240
85207
39839
46352
19822
7347
19143
47636
65557
49121
63424
15735
75896
66042
37694
73557
15805
17421
23151
9238
61131
15413
566
61660
80403
82331
83802
4840
58416
35476
14378
42880
91154
47728
46239
52925
74849
183
90403
45280
26880
70598
17406
47931
11002
93623
76047
93696
1692
14811
44488
22698
83759
21696
25137
81855
52134
19245
87840
86928
79692
55107
95065
10625
85468
47322
27373
61064
33723
34473
91899
54468
94291
406
52258
66631
878
22790
83176
69095
210
85765
52968
94736
58804
44661
21900
37127
42984
84100
7195
2462
78573
70485
6134
81523
93347
44416
57793
33791
20558
2512
14243
57078
86905
8903
41585
27517
95223
11234
90384
11126
63351
84106
19287
4118
81673
20501
51610
26898
32971
91287
34897
39889
42885
67649
93239
73470
58703
53285
19723
45975
12575
74693
75301
89323
38553
48460
86260
61106
76576
33381
89019
47668
44454
70631
72884
39413
55419
75808
99118
38310
55954
27115
55909
87465
36914
94602
9872
9745
47238
83914
92851
89251
46161
33116
18572
75694
57977
83274
75485
42370
68443
15525
73794
84624
47812
93681
72487
58940
60802
63322
92862
35845
88289
79393
8458
10394
34552
6563
24151
54328
90354
25601
21014
75964
30447
89412
43232
71233
32383
50775
9787
84391
94761
58542
99007
62549
94508
2
21207
14246
78903
31593
98931
23615
19143
67253
40134
35637
53415
35553
90236
46847
34665
61621
11390
57294
98012
61137
72442
37167
76096
54140
86579
93497
59905
10943
90025
39523
15046
88299
72545
53809
50152
68472
90693
10720
28159
26375
76944
63925
19412
77744
73663
64914
87384
30044
446
26404
6186
16504
83722
57367
35341
73101
65795
76632
46574
43521
16298
94593
76128
94566
9030
77152
76923
13195
74535
32480
75639
81019
5100
37492
30908
54346
52246
82855
22460
10345
88852
27217
61298
37230
27432
75684
28228
16978
7554
24186
5060
34819
44484
95277
2663
24082
94322
1233
5066
62498
96686
9635
47046
66688
56395
65750
24520
26438
31732
82485
88999
11767
34325
72342
14778
44897
95480
34778
7173
80870
82857
95927
93375
60877
53944
70142
21674
60594
62047
77534
35341
74841
350
48721
41124
20840
16877
95422
85165
13674
65407
66504
69576
68821
68490
49529
43768
3054
47445
81025
51941
5371
13195
75655
38331
47803
16401
3261
29704
23398
59004
58026
46658
16145
60554
20949
66244
23510
74098
34790
63343
98301
4104
53214
51931
15852
66377
26951
72720
28375
9937
21409
42882
78164
28058
16525
49685
18479
55540
43131
67872
62568
36525
60381
27740
80401
12389
11844
63325
97930
62715
36054
1364
39393
60875
8672
84893
3264
67478
56001
21162
87385
93936
62490
40916
34906
6874
32331
68748
20223
52731
13236
21914
43595
54743
10570
70150
71633
47347
38011
89041
97671
12873
19892
23390
52801
54511
19601
53536
61206
36420
2193
88499
96428
92630
71094
21711
51333
71478
79548
11584
39050
78370
68247
80280
51682
51773
37747
10574
25405
65829
36874
12265
96883
4688
60997
22914
72263
44043
73264
22917
2659
1633
37692
60160
35769
97606
61876
18035
51963
44809
27575
47353
78910
12495
27828
34816
61665
23915
68625
68934
59653
32936
8930
11935
67661
1539
32571
87149
29204
14872
78833
53279
60269
13031
84650
49340
38384
91101
55160
53646
4954
55236
1147
93744
39987
14348
29179
38529
25591
30814
47224
26167
78494
91883
72509
17514
25770
86983
98581
7070
11324
85764
75498
7195
73666
24857
74852
59691
33808
44163
98279
61899
21588
28335
93813
82813
95064
7281
30591
81952
4920
99916
5863
54409
29503
53408
30947
13094
20372
95199
4606
48000
30655
4142
99589
97277
81251
53160
6359
42931
98559
36681
6420
72657
92030
8196
68608
28787
83026
30295
19103
78023
50254
22481
20633
13462
87244
39690
27018
20034
41058
9134
52136
36198
54505
91114
69802
42075
7291
32110
77062
77617
54473
44546
44993
68914
54098
83263
71307
46809
39096
81589
90532
21546
14971
91381
16529
79527
23414
29852
27795
96515
84116
84336
38513
44648
39198
90253
84585
48291
67191
16928
29845
68981
36446
94996
52913
59956
68681
74302
34241
9798
35430
90146
39371
79025
12867
376
74157
97215
12542
28264
91903
81624
66388
33588
92703
46340
25766
98726
81390
52151
9424
984
69852
12783
58076
83048
70637
24344
35411
75381
72962
27367
28682
38558
48444
57782
81693
88893
5170
84982
45009
56365
66936
78370
87683
44349
7762
81636
28304
20635
51102
72916
27362
95838
75934
30844
50164
39324
6130
58339
11879
68462
61810
25711
83031
11393
75744
42864
48197
55420
7155
33118
46402
63355
74437
3602
43052
3468
83144
75773
26703
22496
58383
8155
94750
72838
44881
3849
10388
41946
32026
86965
3795
23273
88703
95460
46346
79458
52427
4778
54880
87127
47562
54714
88921
40162
77938
3547
58720
24414
18852
25625
38230
25022
15859
32996
34115
47498
9378
43461
21664
11602
3028
63586
33335
20469
74610
36137
32168
64453
27415
44185
36339
62740
82069
94620
23355
18572
19653
9973
23505
42867
48120
17668
76139
82279
95567
9164
11024
50484
33228
27724
8033
6179
66064
58370
10212
76013
13021
48920
60004
39913
62121
24562
16067
55570
32535
53963
19256
23716
67680
32276
14186
87348
16452
45146
94386
10576
24943
69036
70599
38751
97968
69695
36575
34765
53521
4914
53125
24749
14636
91806
77589
46056
32038
93733
65617
76169
25372
23660
82024
4571
3653
13953
10989
91154
59713
21239
8703
40544
69855
38157
19159
46487
7087
92667
2351
70557
80711
79104
1429
34257
69600
10818
11534
39858
24473
23681
76906
89143
82858
41753
16555
71337
38949
19446
54601
35899
10473
12453
34438
77441
72194
21119
1581
85546
34672
99541
76855
32879
46105
88202
26244
56449
8247
94733
95405
4026
60230
11809
11211
51069
95824
89730
54867
39690
95382
49740
39962
69869
23688
68842
27868
93868
19148
26110
13248
45940
72681
57885
92216
89511
41047
97024
50879
21029
61895
12463
74267
92292
95377
73310
21802
20661
41126
66608
8398
51214
12391
60160
28295
63264
83229
9764
79483
64847
58379
74268
92492
38700
57695
2935
71185
54543
18892
98236
42708
25543
14195
32449
92851
32945
81796
76235
65239
41750
19734
38565
51272
99786
7806
22118
22479
46843
4384
32757
20490
82555
3129
55990
81511
76207
14625
86404
61220
20792
74772
84692
66742
20475
75479
38114
29507
977
82650
8931
88951
57981
34580
22696
34727
70322
64542
41681
47039
56240
75652
72173
52912
45643
31327
3499
16484
55606
94220
32953
90516
53927
15297
4708
64196
92452
43917
78536
30010
84810
82905
40796
94173
77250
14222
54810
47977
56452
3178
99696
1738
17610
21346
19676
77991
45648
87086
44985
49591
96440
76402
68017
30045
78235
51136
36995
31014
65388
36864
42806
31695
65133
65831
90555
47333
66197
53217
68641
35140
32315
1387
42961
3177
60505
33037
61777
66927
33265
46142
68792
52930
53757
6543
18816
2769
28897
18041
89479
20161
60961
96090
68520
32952
14181
61882
37832
59890
48539
43594
27264
37518
97467
43703
66474
19871
6178
35675
83491
18082
4194
23974
8997
46425
58187
37291
36271
1206
62554
33302
53688
82806
39721
90024
25356
82089
89960
1253
6976
67524
61694
64876
1811
9067
870
64076
69550
50674
38385
34633
29455
87572
28851
13294
51410
91103
42197
68106
90376
77513
81020
13509
63710
61501
781
24513
44239
67971
72795
2036
89903
90808
36905
29549
72010
73341
91451
76158
45006
12864
44848
69647
65716
59759
71823
91083
62517
62172
64835
59112
88280
82412
66164
60646
76915
10775
57074
74986
34536
38390
10147
79563
71463
40952
59432
63884
79130
99301
44145
53429
64281
49300
18442
52978
30774
17249
73732
3749
37408
76658
1710
44189
5676
36971
89760
35516
7899
76933
23562
19678
7283
45339
48759
69849
23960
34754
23772
60590
87218
76233
58146
36146
80241
66567
24122
14664
84670
51277
61187
71245
35918
28301
11741
54353
40387
91041
84280
96674
38675
35157
91205
952
1119
30957
5184
9627
80823
21600
68675
35293
40225
95625
58873
56490
14184
35391
89959
96889
70719
31371
3789
26099
9147
62283
33664
79776
94244
19833
16598
41673
85042
27974
12808
74021
31368
4182
12303
62632
84482
94975
92992
84093
1993
3568
97008
99340
49366
51627
34916
61839
27685
5040
67836
11097
83984
71850
15045
49112
94330
69407
32810
5500
58668
22104
53443
20062
91356
25019
39148
35913
98101
81895
59918
58565
34208
62691
75202
50073
28892
72727
53733
40799
42073
47325
2741
34366
139
55798
44464
25746
63121
3247
70221
64972
44625
43254
77176
38941
59254
95603
72200
60432
83211
42561
13029
57013
16672
15634
461
87161
41222
16323
98819
27488
52288
35395
34911
17238
58527
16024
925
59307
29479
6415
49123
56003
20315
24303
55738
57323
31884
24641
71211
78809
6082
24293
49093
52378
36379
4300
62561
85031
41923
1967
38991
13294
75968
83512
49680
96331
88680
9303
2360
26681
84132
86281
21185
26665
3127
61786
40139
76248
53560
75924
49735
20577
22407
70353
17368
48633
80470
49827
86180
26422
87529
11119
93110
61215
50239
57333
9591
60330
2704
20362
60659
40705
70317
11081
54290
43610
57928
85717
50173
44946
39213
96497
96392
27100
91153
42394
13738
53863
9441
71605
10862
26391
33363
83849
11349
91033
44520
63078
9931
17915
79267
13633
89117
87557
57949
69646
85610
18783
55389
96680
38020
86492
88510
33070
13845
61453
84062
68914
25895
38845
42176
94707
11858
6940
47116
17692
82409
85142
2924
15539
99239
12695
74984
75667
71228
63204
49027
58145
68498
49920
97628
99413
87465
10893
21122
58006
63253
42835
1767
38808
57576
82542
59795
27173
89007
17881
96175
27508
12690
49857
72790
68499
93510
5325
67722
29818
3657
81666
26460
13783
12626
42742
5406
44949
43758
91956
42606
75452
22977
73016
27194
18773
6620
46600
54186
40080
88006
94024
51909
50020
74695
45731
95572
74614
54910
30155
48304
49551
59252
17129
91299
90247
64950
96085
54277
54011
51039
13174
77444
59193
4033
22092
40456
84046
91304
43046
17844
50878
67610
17753
33322
76396
15745
88314
65742
18167
19049
9813
83032
81281
17767
56131
27317
78941
65356
48253
58899
15613
78773
33859
16403
48086
35396
98737
73899
12173
38142
87283
16346
36067
67986
50894
10189
22997
11469
8620
14362
9083
30560
10821
22556
63000
36675
77629
77594
97377
46922
52281
21079
84229
20932
54146
91208
36255
48462
24870
50384
59837
40049
73501
89619
82101
56594
88202
72555
23438
43042
41679
27107
46196
53532
63889
19348
62805
4397
16086
81026
49905
33211
39076
30489
15962
88837
61834
95203
56070
78428
77037
61356
65063
37565
99666
86351
67613
75679
16398
6248
94627
41181
90681
10960
57344
2115
77291
66931
29912
56736
355
63907
89541
64435
77916
64502
73619
83802
44770
62784
32299
62918
64020
81166
9682
5331
60863
72889
56635
77739
56884
66000
45294
43616
60713
73230
95789
68987
78292
76783
314
91997
3794
92984
45657
37391
88449
33371
88847
57834
29113
27774
9669
27559
47386
20386
17223
67639
66481
11391
71980
39188
89596
96629
59672
62406
16989
82729
83072
43339
20053
75043
31984
38786
29757
33289
78918
34266
50817
82544
74666
63724
17309
69605
80840
41934
86925
69120
56682
14522
88589
15955
12300
52845
88669
24507
27952
74109
98680
98662
57711
36666
19034
81551
5628
29015
24024
35145
63935
43203
64644
71112
60742
96356
85755
76084
80224
67593
27458
44383
90092
92440
71067
6132
56830
6938
48948
41319
51705
67761
90121
14335
47905
75606
37276
52911
52636
63652
49617
69572
5341
63790
11769
27920
69445
13530
88631
75384
27509
29112
67808
50966
50159
86248
92390
43160
91918
94719
64017
69851
98085
47071
23995
74529
37607
69994
82435
18976
15408
75754
38194
84620
86619
51279
301
29785
32077
3923
61103
65750
1401
8148
23797
45038
68330
88473
85494
62001
25491
46023
30857
26843
72089
50638
34584
98842
96349
19436
75039
60530
20968
55530
93646
47741
83473
70453
44845
3808
31731
83705
41293
38277
22952
97928
26738
95119
26197
331
13347
21929
26189
46497
71697
17857
30451
76222
30676
83768
39006
39555
92942
5302
65235
23743
80192
10776
88071
32455
45030
27801
85607
46740
87796
25332
1790
90165
19601
47128
73446
34279
47925
19266
98221
49422
97434
26308
19023
89781
75654
71969
62178
16487
73768
2782
95523
11037
26551
85555
49757
82911
60862
1585
490
41335
59073
61295
26828
55080
10506
24483
11791
3551
74703
50891
88787
52543
21611
16632
34021
45857
20201
62787
56014
60759
2712
55280
31853
17987
86465
49415
94779
40813
98797
67848
24385
2522
75189
75472
53737
83665
50813
71491
65233
83332
86788
99775
714
34244
18607
48294
73156
31719
35987
17438
50455
99930
9740
1532
82197
83533
26562
62146
39118
60680
48434
13328
81109
67212
2458
80398
51469
35812
29063
91615
36097
36719
76664
34423
52107
82363
28750
45022
1593
21410
39976
35860
10698
70390
96838
69468
5614
96388
12102
25221
19910
64272
48647
6362
66446
23743
56284
99388
14983
33641
41393
89327
78914
27508
67052
9162
67088
78714
8070
57773
73739
73636
94911
11317
32738
59761
22225
93006
75166
58149
64287
34855
49224
11687
79431
6782
55825
95001
7513
16976
51214
84677
95359
76553
24159
54935
51842
59401
65170
79423
47598
10007
6131
76666
23569
30811
58805
31283
47088
67213
63378
374
73426
81463
53114
8336
24721
94111
43545
41792
35392
6235
94090
60078
82919
89168
54582
34170
1345
24890
83649
83825
7042
40655
6686
60149
14122
94042
64476
16139
49113
54631
14996
55946
61377
8943
73023
52032
63384
14321
14762
42575
18500
40027
83384
84879
66026
74074
271
36136
74377
82739
50934
83897
89682
7743
37545
99172
95447
25742
22776
59170
7781
23553
64212
42140
33680
85870
96558
18109
34048
68229
67124
50398
49578
71583
77759
85715
44881
25486
9173
65878
60533
73379
58901
10263
54376
10399
72303
66302
20269
248
88604
20552
20074
84600
96898
51690
48885
42109
50268
12873
87505
85925
49439
35225
31791
90309
18630
82613
49678
38578
45874
30413
39784
32951
22425
40154
44036
8523
15430
45951
40793
19540
37777
33654
29826
99819
6250
9355
84160
467
14247
75135
96859
95559
88398
5114
5350
2083
77180
22499
31330
66609
51788
93616
10644
51712
79995
85345
67437
44245
20547
2140
57371
24672
32570
72736
51026
42688
77499
78555
8004
13715
52300
1702
88973
61630
84891
21961
45443
44457
65908
47539
88266
66269
85347
87677
23398
73267
63293
76971
19958
11373
7148
26161
32299
25159
38793
97504
10923
3310
8452
29380
91012
12356
95773
77506
48785
39098
18659
26903
86421
94243
39608
80011
84238
36
71142
24595
42788
79313
92409
31480
39943
60531
58627
10599
57576
62910
19288
21475
6110
87261
10757
87535
44863
50490
40109
35660
38806
46438
70624
25862
82998
28367
80392
74312
61423
38867
70526
22008
86155
91957
25210
52171
22792
77095
85002
45980
66048
6569
58357
73548
31501
14855
81541
65130
76727
8539
23560
98453
43870
12488
79809
49656
91208
18436
40213
10186
34089
13253
67145
46350
62227
31405
10631
56748
4637
59815
6003
63349
37037
11407
45726
75290
46593
75878
82540
8423
30635
48089
70064
29360
34312
14264
65696
54847
94498
29796
61352
25569
1483
24520
8530
83447
97844
30964
9586
39979
49484
59196
22406
78755
69866
57895
31136
55603
26226
53169
17719
57296
14680
2337
6086
46495
89832
2149
38946
35919
68816
33083
23811
48411
62544
28269
63018
92736
21450
57755
48841
46472
22195
55809
95219
33630
7218
71877
69042
81894
84319
60399
7147
58290
85677
77073
44498
77656
85164
97995
67990
98725
33093
27358
30719
31820
39833
92737
70663
41609
41896
16442
47091
48139
78124
64480
68807
67530
7173
54187
91233
79072
78257
97575
32080
71355
38223
7619
26975
9179
62794
25039
18470
2326
50528
63815
56356
29863
66996
82976
31768
12157
87034
69197
81764
16112
74930
58021
80250
29491
81274
53938
2495
48168
37493
41080
51401
82306
81935
46069
71604
93435
24067
68946
20333
45699
40818
26907
79246
16453
57812
44060
17972
10614
24945
32496
79062
9063
32395
89637
96904
45558
53804
54452
38183
62045
79509
76255
95333
45398
41573
24890
82691
33695
25694
58375
25983
70738
63955
69456
25121
56325
93113
97569
70872
92243
52837
47851
7319
81865
54061
24288
59812
77931
8590
69194
44825
41809
83648
24933
57911
31630
18042
27134
84744
86166
90535
80896
84150
87206
85895
99237
6260
13391
46085
30779
55161
20151
91513
22699
93069
26321
69185
75500
14561
67612
4298
55711
12194
87687
89967
60456
22191
49005
22537
21845
67097
38821
77564
86282
10139
41389
87053
18030
32474
91381
1454
44880
16923
90224
3632
79487
8094
57646
80639
42956
19200
17662
51643
29237
7924
70833
79517
30016
30289
79578
79251
10876
77065
13009
41852
8416
15580
91074
34766
30871
20441
65412
9874
7624
1927
74605
17691
89040
3813
20850
95069
29233
6289
802
56708
34531
52323
48856
79449
96038
93987
17911
32664
93032
68431
75412
22748
45084
53914
41824
14747
6461
27052
80857
40485
364
71911
75210
17208
35193
87039
33927
57751
96411
2924
2596
81471
24602
73707
64073
99351
63670
60945
41591
31980
93403
55831
53442
69379
34111
29522
69108
18566
51402
42734
86125
85722
36575
485
50449
80653
88064
10765
2459
39810
95842
8767
23643
22037
44428
51676
94894
3391
56360
65555
31160
83579
36720
50239
26886
70347
97179
73106
12144
50697
48581
37465
92275
77895
25114
24032
68947
34488
1465
59530
12286
55772
54686
77275
55930
61560
61655
5293
59032
25847
38806
17835
95616
72972
96588
19001
28817
95110
25471
65204
56923
56838
80935
9153
11803
38803
8560
15702
90918
18993
14690
41527
39075
32067
31492
53847
33640
23166
93117
34273
44435
37146
21448
61550
47039
16037
99295
35402
95511
99150
72558
2524
82409
48668
60714
34412
95957
66788
60622
38824
30891
48714
41106
65183
92503
92164
49423
80900
2819
53883
29640
719
77356
50596
44281
79669
1683
83580
38344
3380
26277
88662
53327
9718
79686
76641
41327
25960
50378
97724
1035
86902
15219
10065
60832
79417
49920
84904
9089
58081
97788
1176
91358
85262
53078
88028
96199
29352
40798
94962
26404
91680
76841
49865
70599
13469
39812
91435
53846
80636
73915
54983
24306
38380
92310
74211
56738
58
42651
35350
28059
81810
89569
28750
28503
57015
93803
89107
17401
61144
74450
61457
83195
47051
28532
26887
85830
10796
58587
32542
13316
29354
16386
79359
20043
54231
72110
59271
68456
70913
93819
64073
76463
26300
25960
64237
67191
54445
74993
82909
88938
14993
799
40032
26969
77867
21050
70594
59080
56237
43062
82807
47945
16877
5075
70629
48318
11605
43762
84781
73807
77329
40328
67969
72484
48064
74763
39937
85379
42516
38637
65744
4615
22059
138
94743
86544
28109
89885
97981
15107
21373
48075
13156
85875
93644
32289
98462
22570
1046
68973
70812
77711
60290
72771
58996
36559
34998
60292
79698
43737
97478
86472
24117
80554
95445
89049
4428
39709
2361
38565
27295
55837
19904
85968
57992
61546
14803
14031
98035
75708
32662
34948
96519
5864
18863
85220
47881
77422
41831
13996
92848
41416
10799
88006
92577
22162
7636
79418
49731
89434
1113
93441
37194
8921
62431
70771
97153
89805
69270
78748
21455
97773
47050
36668
17698
31490
57361
64153
77267
42865
80426
13040
5435
80703
88434
96553
71833
66677
36114
14887
58710
12923
77372
39933
96071
35682
59074
65798
82524
71024
79771
6695
24313
34415
80265
58966
4042
38017
47386
23923
65418
12390
4643
95353
57207
93637
82034
81466
93609
69268
374
56034
45296
26358
49505
35289
95123
64040
27170
4648
86250
11071
14619
86632
37803
19206
68837
14814
45977
93951
3422
56737
2637
62688
17130
53609
75609
94078
48641
22566
39730
58456
53540
60186
81876
37733
2359
85142
7277
90962
24279
54094
94510
56835
38181
89094
17588
29435
37465
10522
3552
10569
97530
16846
21867
68137
46112
11636
1218
20640
59984
72245
41602
37255
42180
29964
48312
60426
90105
12963
50703
21301
46931
90755
96998
9244
42945
20133
74997
9595
21481
45046
74583
55038
22385
94230
12677
28968
83281
72020
1739
61985
31655
14413
77340
14294
62986
66708
33219
12773
93566
98682
11212
2256
5978
98125
77508
21917
11527
95915
44899
50558
52896
9037
55056
15016
15875
38555
53171
64622
20598
45465
74204
77888
72673
38250
91316
13325
47811
70785
77746
34110
34625
64633
16020
28759
45571
15069
84189
42706
36501
57810
28793
24964
97278
8696
89142
20240
70929
40474
82265
977
37632
95311
64887
71701
5860
30440
14460
14388
54998
77373
24084
43361
62909
42007
23785
26924
46076
1057
93661
49005
98833
49885
19143
11532
38430
86095
75932
13999
79951
46649
4096
93915
8350
90092
28702
79782
21249
76700
2693
15164
98442
5935
45266
27752
40631
9426
63040
16040
55912
22776
47247
64031
73563
84395
69394
77672
12191
40822
74564
94582
17691
7702
40714
30959
40118
31271
39542
27805
42113
88512
55696
34441
65579
15746
37061
98899
28531
20125
71007
92643
58230
97339
80180
25237
31454
87863
84069
95800
81532
98268
71749
68879
52240
52528
48623
52384
37259
81721
7651
93737
68168
21614
46178
36304
54867
7577
98947
18202
26915
90356
18712
81674
84281
11992
93108
92201
74465
44409
21832
13972
75771
20788
39792
9084
89995
84114
90209
85330
2339
3615
9929
1212
48309
5664
49773
68272
47890
28939
59989
12132
99715
55882
77520
86650
69879
65079
36547
81292
17819
66703
49496
78141
45180
98322
4540
72391
90101
80631
82006
90091
40737
30813
21565
95675
89524
51668
17168
85324
97552
77640
67347
31950
55140
29302
52417
58307
67886
67585
29680
7676
97651
68924
44625
52252
45807
17622
71931
94239
86412
87009
92250
52771
97655
65017
24536
79370
73873
55832
47738
92575
10966
69678
60135
17445
32869
2278
24995
78900
78355
1879
29925
90391
94972
22154
89883
35975
30340
53438
97332
14357
5120
81822
89340
75009
514
28850
78160
33508
25690
45868
85492
55289
3052
56055
133
92446
11350
91368
25787
23143
18649
33301
47430
20892
34466
42268
55033
18399
92857
63818
23326
46772
64899
60380
92536
84612
49319
11146
75698
24520
13491
32469
6634
20300
37953
97336
60056
27498
84138
86592
1993
80834
36016
79655
6623
79856
52182
65114
38828
2614
40673
67523
46265
86813
46602
23350
10737
28472
48972
29065
51712
29277
16370
28297
90874
74405
68345
14261
57822
41107
51039
84590
49861
80537
10657
85748
41424
93117
25406
24891
97354
54942
43128
24467
90818
74105
84914
23890
55693
75719
2818
9781
6044
43996
47558
84865
84067
62344
5260
84827
70113
89904
51032
94305
95035
2405
77107
14258
90867
97490
88645
30437
38676
60801
32052
70766
18083
20362
1008
37812
79552
98594
91789
60961
25671
26477
73300
40577
7917
88149
10272
98015
67406
82209
18831
40345
14393
87784
97604
72687
62868
9353
63424
24033
91465
65880
98038
28469
3573
98196
67842
27080
82870
54090
86274
35060
68554
23645
93249
33473
92897
57951
21464
1655
38216
53704
93669
74028
20837
39142
42826
23290
59189
14879
84274
27160
72013
23450
66594
40725
72042
24104
1104
71301
21212
25999
10435
54190
42462
52704
49602
29648
2700
70888
7855
11662
56058
13037
82036
31314
55858
10152
60138
96693
20595
67403
81359
29440
58293
89883
95160
89898
10545
54917
35584
53985
48988
53413
73632
73001
12078
27895
33771
5324
3915
44297
73278
50221
51905
74575
18823
7336
34786
82433
47860
93054
80836
21637
63640
52555
99795
34518
24614
89150
28410
15786
90198
29734
93732
90899
56297
5656
76057
43046
92870
69193
68983
18238
4010
74526
58552
46252
78340
78308
25655
79202
35395
67105
7072
859
19614
27948
39148
70497
96149
81678
40771
18793
42656
78320
28155
25771
63737
92356
64267
81123
95352
2760
88772
56594
13299
14993
34471
84229
65546
39328
87402
37158
32834
75088
89407
68122
47934
74428
68388
69206
28178
53355
28603
26854
59991
27026
72548
11562
70986
45338
67248
81204
64820
40540
27882
61187
32932
96361
40194
46424
71111
22244
70415
81478
69238
96041
56046
70934
62357
25402
88660
68437
69076
80877
99613
39959
87712
86823
99793
57699
1745
90568
74718
14461
22624
26336
20366
14890
72026
84950
49755
38636
88005
26580
84731
38895
68209
21816
25370
41457
50623
95095
14920
66891
91477
24020
83989
26331
60101
90644
14102
98190
54326
39321
13797
13590
73955
31778
38184
96779
57830
50589
4052
68312
65022
88077
31669
65260
4504
10864
1690
96076
37475
81359
89641
94021
80982
23136
87753
77461
35186
16452
32353
78863
82705
21200
27021
38769
35090
15769
29888
18199
24679
9712
51861
3689
54505
51465
413
60716
86103
60763
35090
96541
17819
56724
10806
7087
92128
44960
17974
37404
31113
72063
73526
43035
3005
49311
96110
71727
81833
61351
98513
19018
68360
70642
97506
88508
66642
44809
86344
17635
28520
98790
34400
13601
92978
26392
83915
9989
69891
70565
20444
87561
82357
95637
6514
84794
11676
2586
92857
45048
75249
43439
87437
74589
20010
32764
9559
86925
93540
98693
74090
35538
70121
13726
90139
33310
92793
84845
47142
96702
81110
54192
74529
48984
55042
70816
20381
76239
47319
68454
45462
29937
89993
75208
27003
3856
94084
98504
77581
6119
76791
54991
86014
52324
47821
10167
4049
63255
22587
71736
35182
82907
43636
83160
95018
67708
21757
32410
73028
52108
96387
44420
75812
26809
78941
21281
13100
82608
11319
19964
64072
97246
93902
92387
45123
84975
86641
23165
5364
27790
78081
92835
19650
48206
4620
25422
45629
57023
34990
28622
33386
36553
71288
80295
39526
6871
98644
9813
86823
46678
62846
79775
24829
15094
29688
5862
44291
76993
4587
68909
23190
38994
91741
33473
52890
56403
99671
74331
9348
868
72347
96562
25005
51858
89526
55978
79546
5534
51108
37038
6149
4782
30660
37247
80726
40584
25809
56650
95125
82333
5162
89844
66947
32011
15786
14025
78800
70445
59860
89986
16194
10630
95647
81515
40102
30569
48818
64972
8540
54561
53770
42122
69321
17489
81945
36646
18367
59482
8837
50828
61975
78976
12316
74746
23290
10207
97335
27531
45254
18532
55698
60585
79583
57709
99881
22852
68931
35122
31582
38982
64929
32354
41877
2624
33282
66626
96649
96012
81740
33800
53867
82619
72654
55179
21241
31760
7355
33340
80735
51544
9584
49012
42826
16224
34780
35507
28802
61248
15554
64603
40356
16524
33998
41719
12245
88157
1969
78220
76959
41697
96307
91585
4084
16362
9336
61594
77449
15656
78447
3513
45382
33381
48500
22859
85214
25517
15915
5266
44361
12691
15034
8860
18226
64405
74237
19668
72377
53583
55126
9295
92147
21334
85967
25848
71458
66042
94066
26952
33552
61003
61107
55404
94280
46584
21009
15552
16410
43501
96276
85501
1345
93412
87581
85787
37104
83798
77019
46730
97750
65608
80130
83513
38842
39340
18178
34839
60199
10501
58129
69682
5510
28381
20847
93326
17063
37265
17228
43230
21131
52932
93210
31835
30182
68536
7614
85629
84196
3895
38854
17905
11867
42277
14421
89035
53870
26867
96771
62057
72160
46198
74053
94374
87532
67663
73790
43059
57060
74049
28462
76187
56421
85213
35285
44829
11504
97400
5738
51641
96123
19849
12154
91372
20891
44661
26911
32846
45255
43056
7047
58235
61165
48953
3493
58547
46649
89983
90893
54612
166
47462
33630
40852
90147
28379
45656
27065
91301
38978
41164
2426
46342
14566
7738
98959
73771
79420
85912
77159
50447
67079
88006
99239
18133
42785
65866
87648
3855
95069
88383
59736
83584
630
17503
39138
27682
43970
96921
49293
10480
30787
40951
69404
39588
26829
86916
40476
9964
48542
66170
55476
29812
75871
94691
50728
81063
7992
79825
73296
97076
7801
81450
57973
3965
40160
23618
79255
19115
18656
3904
74984
50812
85154
72872
40115
61168
95514
47635
81579
49349
7470
58086
22730
95697
59540
43759
5299
76354
50666
86533
98626
16239
62996
40347
26312
22448
88494
45746
75961
66510
60427
28149
32692
51916
45166
37719
31272
34881
53939
35416
94231
37166
83197
90279
93241
48653
54612
54498
69174
75171
41514
50407
59160
27095
60838
14785
82413
48860
82493
86242
63587
10974
66671
77877
99811
99389
52838
79872
36654
18220
32354
816
7970
65577
57220
28766
40528
97233
14745
73051
39697
5819
55039
69435
52942
17120
14346
35926
38614
48921
86579
98389
83728
37599
88723
29468
90868
56848
81111
89473
82222
18737
95214
43733
87191
33855
81500
53305
67266
41160
12710
38566
53989
24648
47872
33945
40545
94906
93421
38798
99455
14796
79244
52327
33357
21001
31144
69553
43434
47854
27805
93258
29569
99117
61629
68873
39810
44170
78519
56299
67800
2231
91576
38881
67264
45390
38618
38895
9405
47052
36075
64456
60940
40037
46243
85346
76220
52317
91639
38391
74820
55362
59259
28901
24683
97449
73810
78325
50469
22485
43459
48047
41051
52494
15
32474
26554
10952
39760
24695
25062
5150
85085
53889
52427
29098
65058
96281
96942
65920
97651
94468
82973
6356
48862
93388
65393
12263
95151
78696
54053
41854
55608
93204
96486
68829
44200
41236
52918
3522
6882
89706
40088
56804
37700
29693
13274
61238
37824
92632
65132
16876
5398
42364
49131
4091
25055
91223
82187
84558
30768
76619
40772
25782
56904
98018
4830
38281
83391
35361
89809
37260
38712
4470
57314
78554
65234
14741
52038
30008
93993
78492
74399
4081
3581
13205
37683
54631
25846
51803
9482
99652
94951
87561
44740
2303
58525
18380
32366
78357
46146
30801
22560
6232
38935
83105
58109
89513
5235
60091
28759
7727
38663
51008
99974
79884
30710
43194
70107
79948
47750
97361
50792
31718
41995
80227
98155
22264
3738
47859
5228
51306
85391
77622
66468
39804
37324
58712
48858
18247
97135
16710
36165
93978
94339
43874
19588
60762
28767
98285
50868
16097
86709
8615
22972
70392
11751
11812
66274
73923
43802
70997
30550
14579
24920
21562
42814
61436
3392
78621
43576
22490
66647
12753
51772
76576
85850
91708
55681
78549
20236
27447
95145
98833
39351
71738
85896
35434
58290
99428
42726
37364
63679
7882
2883
38171
5510
95902
5548
96805
49044
37010
89523
33094
65872
98993
3482
14
9447
91717
98200
37067
7011
74939
55841
86054
86906
83890
59313
48456
14610
52126
71018
63661
40217
74589
84437
76323
74567
61198
92927
36602
32706
57645
34239
41550
16472
14997
54884
74318
18171
16774
36818
38048
1829
88324
74885
58855
97935
39830
8640
26586
65029
96031
67155
14181
87160
98140
50392
63846
19150
9052
74697
27088
69514
32783
44845
26134
82790
87762
63943
19833
98536
657
85101
35328
17609
23451
24397
83277
28150
70305
34421
54340
36698
19041
3664
31424
84496
6192
12916
87957
56880
95820
26058
56853
74710
16879
77079
65226
10574
89720
24079
53580
17048
89078
87147
6528
31226
64873
68328
20637
57964
6591
61225
93751
41129
66342
64442
14246
99286
55624
6895
2886
25478
81248
96046
60025
54643
2190
95939
61245
20481
27747
81997
54242
66524
22023
48667
42202
14366
15414
42243
79922
72670
90858
55645
25462
88278
29370
12958
28943
38917
71654
1622
17788
3605
82693
27598
15621
36760
69284
75459
18069
84133
98816
7048
13459
98290
76272
79820
49824
84937
93028
76325
43069
4720
1084
53269
89744
84908
68589
171
19131
51710
51326
34174
43310
46232
27040
45805
71923
5609
20581
49824
62592
94544
81681
60091
50142
89310
45914
61327
72838
67711
7817
27343
844
78462
99289
29891
29133
53111
18447
47455
92943
65503
78991
12818
22147
1738
62647
80762
16040
85289
24952
62461
2549
71448
80072
47290
51659
22361
50978
33200
23475
69954
10798
6961
47267
96680
68324
24802
84112
239
16408
70092
63001
47859
76721
19274
13418
23720
15414
34172
54787
7057
37177
468
89500
87256
81400
2694
29500
81069
71436
90773
17186
99496
83997
81147
73557
2612
63946
6135
57195
98207
57722
20254
7605
40205
58034
84601
12273
77846
57469
76792
67915
19661
66093
58412
80637
467
77177
18535
76969
90943
65166
73181
77580
29150
37067
43196
95465
13308
96795
36152
38347
32556
28201
44931
1956
62916
37680
90724
34454
73124
80494
57132
27362
56424
85313
10193
56491
69724
13606
90714
14231
33691
63396
76052
815
15460
47871
88923
60040
52428
95395
99617
69139
72874
94212
76521
5005
97799
42659
96943
44240
16784
18697
5946
27926
11148
3374
35803
14651
34539
81183
25174
68541
92261
34950
73415
9560
26062
17696
56934
7820
88244
38442
73104
14931
28353
10637
48673
97252
41425
11229
98509
81675
3944
53514
48709
28714
51789
48648
54455
35458
93667
37570
64904
96742
48568
23696
71720
25674
9504
96662
69220
79055
27103
28897
28413
88525
4014
41200
45218
7511
2767
49160
5011
28614
34434
49450
25444
708
81218
80898
61300
6475
75135
10591
90072
25291
84111
16265
5493
34576
3119
79341
36776
94737
38929
49415
45274
8211
40503
12323
55440
14911
8516
910
41117
37640
50238
87249
83768
81118
23852
17997
45460
70429
40969
90654
2289
22015
64856
86138
84912
12402
67244
44188
40653
77279
55333
82879
15652
64858
65116
18722
95485
38106
55544
52498
87295
52110
9538
70244
70815
88387
81034
26100
15678
88824
46187
89695
67492
3345
28210
14333
24755
85635
14142
78214
47290
28224
48257
87894
94048
86255
22347
11019
11467
54250
19658
26964
57543
85607
40917
46344
30530
23372
16969
49352
64784
77077
13754
73212
80127
92685
66233
12797
48529
3138
66045
89031
51003
64047
51562
22390
66403
14743
34053
56952
13040
85984
50704
13172
73784
70474
85538
67602
36944
56919
75901
5355
33934
99916
33485
43005
6373
83090
85587
75962
7517
81202
79911
37749
40420
63141
64627
74994
39342
82570
53687
46860
1430
83047
62867
3703
75109
86175
7999
88045
10537
74985
24903
91364
83637
93445
57064
60124
74715
53841
36358
63511
48429
49868
22209
70266
77035
64782
33572
88199
91060
21070
38982
40136
77530
73686
63237
33231
85388
94564
43834
8267
73247
21295
84360
71396
52257
14786
37722
53517
42978
6542
25813
23951
95453
52543
40215
20131
9747
88803
3886
2112
11922
65138
40660
62522
89824
4879
60358
76814
95668
72522
69777
98019
76034
78946
85734
19250
35201
63030
76966
98718
40584
95801
42964
50496
82120
1975
65611
68919
86118
55669
33102
32699
21461
5481
66649
79154
3031
20196
26760
95859
18378
28352
40603
93262
60554
46185
35483
47014
24284
24520
44357
64452
82197
88871
62530
34637
41616
42018
1780
76931
16388
35399
55062
27135
51661
56791
28704
29988
30381
39731
29283
90906
98828
52603
13801
32140
37659
18195
35071
96759
17214
53012
70818
34559
70030
56771
72605
11546
7708
76602
42341
84357
10611
97816
72557
58992
8114
98389
36817
76354
62047
69429
74765
85066
86047
93377
85677
82488
76017
56830
27136
64623
14736
3426
98968
85666
69681
66858
18700
52237
5171
17434
20559
52079
39770
35489
42287
67881
12249
62428
7445
63212
81674
2012
31264
18718
57530
9605
15941
18687
78868
28538
81518
36503
94199
75880
1583
898
86221
95076
67422
69610
61257
92938
63510
75058
18919
43496
34363
97172
31811
46843
72144
85083
5115
7112
5622
24486
5737
31616
33585
3376
71738
71879
91741
1822
9304
19798
20802
96300
21979
90551
48134
91668
57034
27299
15987
43015
41706
37937
16181
40678
18910
66532
6227
25019
51775
14220
31045
81467
22255
89776
82794
65620
71673
8443
25025
38847
52636
29795
29770
29154
32683
5957
59461
69953
45159
9051
51640
38305
20358
20537
5567
37991
25256
27745
12837
65080
13816
34497
33731
21975
88889
43973
53723
36032
29443
37210
72218
2307
18945
17379
55817
13472
63211
33462
37389
36692
63182
59679
15313
29753
10371
59137
38267
42582
74674
48813
53450
57928
21267
53979
52560
6845
23087
75540
26594
43683
19273
21874
44478
54948
35872
49402
92272
5914
96133
7505
48940
57515
89590
14653
91869
64479
69254
85412
52268
2076
50025
69006
70684
48899
75702
84301
30628
18309
31218
52489
83840
9311
64103
37745
46648
66245
29179
17200
12268
37482
87939
9436
35836
73119
37482
58605
67370
86790
97100
24720
36843
76889
66862
48723
58689
58952
92571
891
43194
67201
59616
16061
37247
88485
91400
24031
59695
63265
75447
84341
68212
17686
9323
73165
39461
25111
94367
87406
830
39839
7388
37565
18355
41029
92858
62598
54679
3909
92625
51147
80576
18037
18602
61946
69524
67108
86512
81899
11959
46967
61446
91256
51054
4324
7179
24571
28039
34020
71131
20986
67555
89920
80988
28081
78963
72134
20473
87287
11692
30302
13302
82714
34904
68045
22971
75811
55728
15382
31344
70883
31771
79547
65723
11388
11872
92536
47865
26129
22751
93900
75688
95660
81117
14719
49747
76770
99835
51658
63095
36346
83676
28662
8110
12114
17907
79611
964
27639
74223
71269
3182
48847
12141
64191
26779
82101
17784
89685
31543
10280
20063
43879
57643
91762
67727
29652
56581
25678
41243
32346
68542
60563
27787
64507
14749
10148
49901
14488
20492
40119
63446
61608
79460
55017
58058
60078
89847
63179
53333
8366
23119
50985
74803
74238
79107
27165
8994
44878
37179
99598
82774
89000
71440
97211
71004
62651
36440
93461
58659
58903
42807
69435
13601
40555
12620
14305
75731
68332
98241
48492
94873
69526
34744
41385
34573
95079
19394
63776
59352
86541
85405
23885
46280
5704
60544
90246
38675
27375
87754
91705
39979
72441
29127
88558
93445
95505
27323
78509
41983
75672
30258
65854
95963
63385
73213
40178
2567
76799
17908
47474
68243
209
50027
50324
66011
12305
54207
57377
72664
98210
97401
53958
2969
15244
40574
73226
13882
89801
7484
27048
50061
74277
81495
2734
66865
69355
7185
23277
97512
93714
92718
48836
24924
65944
13862
42800
82144
68084
66833
6503
213
83217
20965
28155
70504
35539
45878
69765
36611
39744
21203
79181
44754
72647
4605
44968
26382
73483
13780
84385
47304
54074
73807
58459
58789
12288
41790
80522
40117
86831
85529
55045
19548
60017
96079
83447
5060
50256
147
62640
46194
90414
36261
71118
11524
31877
6049
34924
17047
8741
65251
791
76730
849
24665
76319
75761
23310
60510
92102
70538
55482
68521
56406
21100
62562
14342
18373
88931
40549
22712
40806
91982
78276
89182
85231
36668
89884
42218
20591
41471
44794
73888
18221
29868
20292
2192
72146
3676
96588
96425
51042
29450
38063
9890
30237
32466
16841
86010
34055
19096
39214
50867
13068
11243
50191
74501
20423
86128
25444
46742
78370
87987
31963
50604
67083
52120
35265
90223
4364
22834
7378
69964
12663
80754
13451
18158
296
47143
17319
83905
37997
95555
89657
1939
99989
27497
13642
69341
19395
98114
81216
75841
13246
4463
25333
21345
20511
65625
51228
67017
99245
72056
70044
45877
87419
82304
60695
16726
35924
15226
76719
65116
44847
91284
79111
36682
39653
61962
77381
40259
608
51994
6210
12571
42942
78779
26727
71132
61116
22608
3808
41006
5820
47680
27237
9161
62362
21441
94692
79612
76440
39708
37911
64343
20580
76784
53387
73809
73095
40287
12562
12697
2221
54030
4833
5544
12470
44708
80478
34481
70896
34948
19295
57925
5546
93084
5478
60930
9584
54381
1781
24289
60562
70442
93309
65816
14350
72199
67591
52752
83606
86641
86426
70508
65878
782
46015
99461
30552
87696
16695
97923
90861
37209
60391
23505
51896
23385
31923
12100
18159
20940
76706
99933
103
92485
25219
81666
77505
30369
71019
86353
88168
41605
8744
71728
47834
71286
20398
11641
97276
81459
10779
86635
28589
93384
95702
88997
53071
5690
29352
56224
58828
46016
63029
72163
36903
69556
8511
99156
4809
41240
80516
22622
14494
82882
48970
77751
95938
55422
1001
34969
73247
87939
4968
55288
62156
42557
30183
89846
53169
4637
36442
63149
6053
67410
54760
6218
59358
14970
43099
57666
87298
63509
10635
78827
68270
97180
66898
84060
32941
75446
2403
23838
70618
41292
36476
49789
23179
1725
33149
85130
65921
56959
16522
83142
66290
96532
9199
25475
31447
97374
75091
10821
99414
1066
52329
51742
60474
25852
15336
60466
13499
39111
35707
65879
13594
1715
97608
85645
73402
6598
39625
29125
13871
78464
64354
42327
28534
84848
73274
35258
90455
75423
43710
85231
7980
47344
39809
6561
77509
18530
36243
76682
4258
6854
33735
93987
2532
10403
27346
27003
27433
91090
46294
95776
88478
1515
92433
88995
972
47304
29069
83859
89618
13033
6941
59335
47741
97701
62247
68153
30907
21867
58919
88358
7756
33336
69840
32690
48603
4171
44587
57434
40308
48063
46549
25694
94168
87900
30929
44887
22233
16647
94774
99398
32262
26815
47562
79888
19548
8845
28254
73923
82700
49500
76963
25401
81771
2375
83439
1771
46416
80295
11342
17240
9133
48384
71388
73507
48568
2086
7065
16878
22867
30138
94875
63060
85991
49872
22513
93707
93520
1902
68597
33345
59551
3785
77518
71760
71179
48124
63805
46043
36627
22465
80663
36514
92577
42556
30826
67813
31529
21913
35297
44793
29109
79474
7261
51919
89198
54208
17062
65311
78433
70497
70952
14769
28357
10382
98257
55044
61179
42297
72252
84775
87509
57090
52935
18472
92885
47253
91159
7536
66543
84557
85627
503
57293
53506
85388
38816
8000
27236
70247
63498
9667
16556
80774
11166
30978
10642
32673
85368
17517
87872
92754
61762
87947
77895
87416
52023
24583
21868
52207
91012
77102
7600
69898
94807
34312
89205
32832
6701
51010
29535
68440
26286
70187
85171
52483
86766
77941
48634
22632
73573
758
94516
34877
32291
41713
32552
1157
65505
49756
5953
3944
86574
12468
44816
28236
82720
28653
93706
10666
89476
56212
78500
66766
90764
4606
45818
43364
43230
77626
74442
72396
63787
17827
90341
65641
98122
29119
72225
61972
3362
77440
34485
88276
46104
40067
49810
35880
78193
43391
29225
1718
26399
22909
8741
62884
37850
97624
51336
10349
65367
18528
29343
33433
7508
11242
44934
39180
46331
99504
4594
30025
18849
29197
33108
50144
23386
65614
72759
94332
3406
47968
59282
71033
27643
65482
68121
70707
27016
17540
39745
68526
18873
40112
36541
43822
31384
88073
16949
36577
90609
12102
28200
46936
65853
66821
52958
53411
12835
52103
4551
93584
11168
7647
31266
54680
25173
49263
15399
16632
29245
3562
27671
61691
96690
19722
41730
71929
46835
91646
82881
91128
72937
61420
97791
61134
43127
99451
40036
94151
89946
15645
61742
79460
35439
69458
84652
57984
5045
96731
26736
4414
7093
82236
92745
55452
64269
42455
92146
75112
98968
64968
75230
19268
51455
79589
56357
43314
97196
86054
83400
43958
68423
72888
90330
63837
92157
55224
92562
18169
8319
43655
38370
8872
74904
39955
28820
10970
13167
8404
28190
52557
70887
58911
25664
47873
98498
59054
7917
23734
11198
96281
79046
69482
25317
69044
89880
5340
37831
91511
67513
78499
12946
6923
37150
85916
62964
37165
77020
12773
15107
38138
37874
14608
50433
23641
51480
86940
64484
26048
57855
58987
3974
20638
72658
36101
32520
22437
65646
50294
60989
52681
50687
52535
30991
82168
14111
26546
55763
29844
87751
99133
51320
86051
13859
965
17247
44101
28315
93208
75641
4061
98619
49115
33882
53501
78977
41100
45652
69978
1069
51497
39980
88467
74268
65347
77874
29554
69992
6401
15072
43254
79058
12751
32402
52843
94658
54481
21703
59085
87768
35851
83566
4485
83945
95887
23412
69043
46059
9361
47539
75073
12794
84684
35634
60474
15576
66628
22916
79760
87076
7947
49947
35376
47152
1207
6186
39430
38028
20625
57092
16630
89350
23905
9195
12848
33666
90787
40199
4569
37687
6757
81780
12207
82020
46453
40244
91585
85818
28556
51581
50725
78966
61511
74478
51008
88297
81355
38212
60713
25252
93577
82962
80864
13270
22571
11776
78206
9428
94418
43693
81227
53448
86139
65257
13641
48497
17175
12764
83872
41508
79831
20049
77607
35654
91103
71405
4259
38428
58169
36304
32949
73813
59551
62343
90708
87210
34491
9916
49226
38535
11639
15346
22047
24898
6763
6880
58982
67589
20962
57163
8907
21541
24047
10749
29444
79757
69615
5135
81743
80919
17549
14181
39679
71241
17272
97906
95374
27319
43314
36779
27974
73147
67509
19415
27426
93077
41553
56956
84132
82786
64059
48912
46439
80003
55686
9180
96297
81241
87861
19904
83739
29096
30355
62919
43853
50153
2521
90873
60007
63459
93939
12445
15966
35140
85307
28125
3492
13252
3146
58524
53661
84003
35805
25654
1151
6756
11419
25538
42422
77326
27878
77229
22904
52563
28659
92331
1464
52795
31593
36402
96199
78315
3555
28438
1284
33358
43115
43089
5576
13004
56012
46550
658
91967
65108
92221
28109
19924
27292
62630
14525
49725
99615
84003
63296
88878
55459
20612
8273
62054
36368
19238
2751
36177
38378
91710
14908
1585
56646
94464
4765
31086
29974
18564
16560
82571
36918
44603
59229
11744
2538
43289
66429
74963
60849
51173
86426
22538
43009
90273
67078
60388
15739
49332
89503
19130
68009
12400
38606
8642
19420
72205
60289
88770
30304
85907
49599
71884
75345
48205
82075
76253
33920
62567
7460
38143
65588
62187
8434
67708
22881
36109
32950
54912
40415
18097
97407
30665
45279
41101
83053
17359
25946
27754
38806
72386
21057
24189
55077
48481
99539
73580
17811
15860
12063
55277
69882
61303
78526
98356
8422
30801
7277
34309
19552
4530
7223
52733
60328
58714
80332
88876
19720
63537
33369
41147
31082
24979
29351
91678
41630
58384
84174
47334
95154
87994
70249
51286
7651
87891
83072
66754
62967
50304
36387
42478
21104
63031
5958
14262
32844
72308
62630
47985
51436
88509
92397
18277
88937
90358
25820
76923
59283
23594
69841
97336
97634
25864
37364
41576
58400
96260
40770
55394
58077
12602
79854
96565
96967
33414
99113
99304
67144
64866
7712
87401
41934
97101
69642
76524
50692
81311
51019
77950
75104
61402
70510
19705
56600
87793
78102
45555
58504
27162
61952
76747
95947
88400
52002
2722
30039
39788
67146
86430
55859
70099
56692
1793
60715
44815
88656
67864
64132
63169
90709
86667
73633
83904
68829
21431
75762
9901
70073
35647
14346
73293
88879
35307
71882
3941
56855
62667
80886
99223
41739
8763
14299
31534
33231
22766
20273
94324
65752
66162
49323
80356
91328
15694
61646
43885
56826
11091
6896
39013
90630
18661
18663
67672
90126
72376
84800
38300
83650
78460
7610
18324
78658
80541
22387
86617
38667
31868
71012
97453
49821
2003
23903
21750
81093
99936
85366
31330
12366
79103
72999
21377
8268
21721
75101
22096
33266
49317
73999
51138
85642
25090
37733
15040
15356
70493
25215
75455
30474
85086
8886
90127
71225
48714
26604
16006
13724
26120
34637
63788
16699
90537
64970
4926
54759
73678
20175
13855
72601
66675
66034
85169
20247
40816
5339
49604
62350
91985
77148
61787
13218
87783
1738
26285
31223
15895
81842
8665
68837
19656
1017
96380
57818
75207
532
36622
47197
75776
26468
94165
24309
87989
88677
80958
68250
86210
61991
18230
95498
25119
54066
68939
99382
9461
75466
14897
46681
36482
83141
12959
16023
51812
8915
88772
73324
22331
9440
38668
53543
57399
98601
90006
21483
89625
18701
72885
23591
20486
18171
91215
32540
64762
73162
1756
10345
65310
18340
53193
93388
44537
43586
44503
9418
42520
71704
68270
21673
8241
64487
7605
91473
68835
91395
50788
36914
26596
27049
16635
86035
31092
85294
21511
63735
94007
84748
52663
48188
83124
15871
74664
26084
38999
14613
42365
24815
62427
52602
9252
3880
83312
32740
4813
18351
86217
96724
12031
7577
85746
85384
50736
3469
31348
77406
29406
43188
48147
55870
22728
66405
59849
82086
80435
1985
28705
39163
6053
75419
64998
49690
27161
73221
87315
58488
87750
97182
74283
32793
52002
63331
66709
95548
45560
29634
11566
68876
40518
1668
8545
32111
70419
98108
56920
79103
28339
47278
57318
88275
42683
89639
94110
73953
31755
38484
8063
8726
35218
73207
49481
35970
27897
50132
39094
73449
84142
61494
9988
27921
32771
84053
35424
51633
33645
67594
14757
68369
86062
67762
18251
30087
5120
16333
73332
72220
9315
82361
74673
53497
47245
92003
73643
62885
86747
40388
70955
39304
34921
17121
43030
74999
67594
25861
81428
34495
60306
53729
16542
96359
69486
17650
91821
42133
72356
54564
11750
77105
13092
47405
90945
6754
36797
46899
56614
85201
98971
38523
92559
78343
75833
92984
49833
74810
19844
12409
63760
48770
94575
2736
67796
57764
69349
24351
44539
84978
24319
96439
70252
24641
67047
93237
86994
61513
83268
38419
66391
83043
12692
37787
2667
91860
44506
67271
11540
82631
58747
51470
37598
45287
14502
37859
32753
81365
85153
97881
33530
3438
78360
5742
54192
26844
58942
64108
86653
93321
74578
35291
46545
30990
10602
52430
63331
67971
25930
20717
67016
77304
7629
5294
1591
84082
4908
66546
45816
62746
84612
9416
48270
26691
31842
67375
72153
40187
41880
8866
17910
474
5036
97594
69602
42400
85977
39340
73368
65857
81707
9866
78560
62466
27699
3245
61146
44734
46956
30439
7036
65068
55503
8390
46335
70508
14048
88946
26580
29199
10689
24619
22952
41164
98381
63743
52806
49553
4250
53986
5205
30426
23918
45271
22313
1291
75323
98541
13114
42199
73559
94887
97265
28053
45091
77667
85066
6322
13594
16744
43338
53733
80487
82715
74414
88661
89835
85626
54319
79868
71866
3212
32001
84698
21796
45382
59052
45449
77127
97363
58058
1193
36408
77509
30126
48735
23772
93835
42980
10529
45790
45346
40183
92675
46556
41057
44007
86478
28985
67222
32468
65207
28754
90936
69920
78324
57978
75919
14782
86347
64754
68487
97672
54727
74529
7368
68026
15823
44678
50266
85544
31308
42808
58366
75690
80750
94416
32617
91568
74336
41834
23971
16833
51346
71072
