2756
1146
8971
3235
6855
8874
6436
5596
9252
184
7509
6067
7855
3654
1178
2976
8631
4952
9818
9690
8751
3589
975
1218
9371
7011
6275
3202
2654
2659
745
4933
6475
4012
4505
4394
2500
1772
5452
4622
4791
2995
5771
7474
4636
9386
502
4061
2015
1289
3299
5225
3334
394
964
4390
6418
5947
6905
8643
7664
6715
4630
5574
939
4461
1721
8343
259
5596
6870
399
4870
5086
2699
5420
6415
6684
7463
8780
2278
7810
5895
7108
4177
9211
58
2426
1168
406
5854
2158
2144
3735
6125
6149
4098
3481
1688
3961
4450
3820
4641
8399
623
8983
5317
5277
7003
9061
1893
2382
6039
6170
5002
3305
4512
7438
3837
766
4880
3050
7566
4660
8612
7572
370
4978
8353
7275
601
1287
5607
765
2537
9109
2472
5061
2037
3400
1353
6018
7442
3112
3599
938
3910
2515
336
8413
2779
8132
7904
5300
3258
1482
8004
4403
7841
1947
1022
4848
2418
3082
5652
3009
8493
9667
4550
6440
989
9617
4371
4832
8049
5875
1305
9629
8411
5167
8546
6019
1026
390
271
8511
6991
9038
3309
146
1733
6905
100
9507
679
5969
8301
9793
8712
4397
9063
2714
1971
2887
7033
8458
8431
3000
6214
8293
5613
137
3441
7199
1545
3992
4384
1264
3732
4216
262
7008
8872
2216
1709
6076
8277
619
1492
1409
1285
8243
4681
3132
9241
1078
6595
6692
6020
9127
9259
2639
6150
4517
7800
100
1483
1526
9735
9612
8273
4783
1969
5373
7094
2661
745
3242
3841
1601
3384
3022
5169
7122
7912
2499
2519
5920
1600
573
2132
7165
1569
8958
7702
8914
2557
9578
8684
2603
4643
6712
2041
6127
87
8655
1043
9853
8109
2129
6122
4384
8514
9015
1626
7093
2510
4966
9435
4713
7063
2915
1196
9452
7614
2521
8401
5890
1295
5893
9804
1610
227
209
6806
4410
9561
5716
8251
1111
4462
8026
6074
818
3879
7132
9429
3428
1520
2835
388
8388
6987
9290
9111
3968
3515
5504
8782
5828
4671
7978
1032
4078
3357
8505
7511
639
8335
5656
263
7929
9647
2652
1886
1819
2938
5012
1008
1143
1485
8384
3159
1745
5344
8936
6728
2627
4479
6542
2393
2957
2046
9135
5048
5307
3837
7064
6039
2243
8846
5420
4051
2004
6743
4084
4648
786
2888
9231
1515
7660
6719
9784
2761
5179
7902
8597
8071
3905
453
8767
8421
3074
5005
8976
4151
3401
3907
5293
7387
1252
6206
3675
9660
6641
6089
7831
9335
823
1409
9623
4948
2252
4541
88
1776
1157
7201
800
8187
4794
3267
5092
9353
4314
4836
1018
9782
9778
4947
2084
43
7982
9191
3416
4550
4886
1690
9917
1708
8181
2668
4228
9623
782
6199
9273
4747
3629
6284
4062
3316
9173
4964
4572
7706
1285
5274
2154
750
4196
31
7973
6269
3394
6793
3350
3400
6403
2840
6532
305
1416
613
2621
9166
5143
658
8845
9437
3911
7411
1393
6336
2973
6037
5519
4725
3573
5181
5884
3014
3773
3780
1340
850
917
7962
5224
444
3819
2710
6068
1100
759
8707
6950
3604
9358
6474
8487
4344
6860
9857
9604
5144
7008
535
8764
8333
2651
6617
6669
4605
2820
2279
1672
5514
5405
1920
5438
4040
3624
9167
62
2740
682
3795
7054
4109
4528
6695
3886
939
1045
8427
3202
3762
6333
8925
9686
1702
8372
1449
5155
1527
363
741
1433
1482
3729
6722
3483
1639
2325
3038
5615
1259
773
5039
5460
5793
2705
6467
2547
1587
6588
1495
8140
2012
7796
1197
9968
9205
7771
7403
6813
7833
8325
4591
9755
1185
493
8579
5766
9222
4260
6773
1812
2677
2359
1769
9680
7130
8583
6232
8862
2730
1877
4457
9732
800
5375
2561
2392
1769
6716
3161
5516
5074
3099
6693
5249
3702
6816
2382
4947
3820
5174
1542
9384
7297
2448
3392
6089
9970
6152
7550
3153
2275
2722
1882
5296
5451
863
5448
6624
7921
8423
8155
5213
5058
661
3423
5013
863
8983
9062
4558
2008
4651
102
5380
9094
7695
9831
3386
141
9266
4760
3049
7889
8885
7253
5555
6566
5193
8313
7766
2326
3982
6535
1245
9901
3549
5644
496
675
3919
9095
8493
8757
8527
6224
2886
5636
5256
1160
8865
4943
4978
613
5441
5267
6479
8054
2199
8406
7423
2460
7263
5197
1004
3231
3458
2966
9567
3501
2853
4306
4411
9591
9450
5006
5069
6811
826
1843
7832
3408
519
7446
1976
8422
8233
6998
640
4485
9927
9142
9757
3821
5127
2492
7798
2921
7036
2879
3713
8445
2417
7552
6366
8069
1726
9778
9376
6325
1886
408
8436
5033
1630
8891
7301
4695
2122
6887
1406
7656
8697
1875
1831
2303
6086
2825
4411
7959
685
4361
222
8150
7579
2920
6016
2957
1673
8446
464
1015
7954
1538
6729
4310
8085
9167
5629
6875
6412
8815
5632
5652
9937
5324
7923
2261
6963
9026
2423
5532
6677
855
2865
8336
4131
7303
8684
475
5246
8636
3761
877
6914
1526
7975
5879
8667
9746
5863
6846
181
1260
8334
6266
6387
3163
6626
1934
8748
2046
1644
7115
803
908
209
2380
6027
2132
8334
3223
7795
42
1772
9808
5816
6742
7361
4374
2444
4235
8104
5840
702
4299
7035
1287
4870
6969
7437
1716
6960
7144
1180
4153
5447
5196
5447
8258
7434
5479
5870
5561
4968
367
422
3551
9026
9878
5948
5245
1934
6007
4816
1146
7001
169
7406
2688
67
8834
1673
8782
6903
9783
8302
1784
8478
9801
6521
1256
2409
8029
9347
2553
7909
9476
8710
6828
9951
1367
7916
202
3256
6002
5149
1424
5054
1685
4023
1582
2987
2527
2084
5804
107
1589
1216
9639
4881
6708
6348
7720
7432
4400
8646
823
3921
7495
3695
5639
4330
2875
6815
7150
6537
2778
2423
7000
3816
3078
5875
8463
6947
8574
5796
1805
9939
5802
6540
4968
8527
4548
7976
4769
816
3099
5082
1223
7706
2077
9068
6586
7719
7692
8736
2818
9528
8909
7275
