4019
24740
7746
47922
32637
23028
14332
11616
48677
30389
32881
24964
42754
1032
3061
37268
27692
513
24790
33198
6537
10228
42121
6455
9882
37173
30519
43822
24410
25145
13442
29838
20789
3768
3266
22150
43076
18584
1840
23070
25200
36220
26426
5969
25766
41444
45672
1704
26467
33914
32779
41014
16412
40949
31035
34153
34946
6535
23499
46770
17986
40474
43336
6849
38325
7903
9573
45015
31488
49993
41317
20287
1644
8027
9249
49158
5159
27508
6759
8272
137
45009
36556
43735
13654
5084
35474
533
3404
49912
38252
21324
36748
21085
38658
44714
39954
30985
44336
47669
19724
49658
18539
7204
27209
34970
8381
46850
19414
31962
33551
42932
45509
4569
25835
24458
24143
13735
23667
37180
27220
14122
11912
42144
6167
5755
33211
8454
113
4992
12903
17690
30698
7551
44852
28910
9139
43822
36841
6980
46781
36674
31849
26978
25320
44460
1023
36744
9057
23232
19939
20191
16112
5877
33403
254
4958
37008
16104
37905
8835
22167
23794
30365
32794
5679
29885
32969
26668
36658
34376
48987
42991
29827
14998
41244
2961
38766
489
15102
40423
12737
32945
41065
21612
6329
2926
23827
21622
22750
20441
16382
13480
3213
23422
3187
19856
2010
36235
16236
24377
26487
8510
23628
27085
7499
27115
8709
6588
18278
9708
35884
41278
16207
9327
10362
33127
19775
13052
39841
7101
35585
32592
3553
41083
48439
15261
2716
32849
28942
31957
24107
7292
341
8448
26356
11964
14239
46816
15813
21203
49146
43257
46542
5526
44324
38744
25851
7094
8709
38869
13525
47359
13464
4012
21714
45690
12939
25326
34551
30273
28468
19603
15095
3744
11271
31711
12966
28586
23537
8809
2067
24781
49968
29896
3346
36860
33385
14046
28012
15133
19420
41733
28477
5329
28555
128
8850
40629
27773
30827
6898
32668
27421
28355
44909
2173
40982
12651
25768
45658
2402
40984
20864
12567
24635
29437
27514
16557
37328
27670
37219
2005
41158
34467
33275
22127
37468
24565
41108
8657
11424
38742
35196
13712
17755
48185
40966
1211
35539
14748
1304
42292
20438
5098
13827
31507
22497
42076
14057
32109
15666
36039
29463
41791
40471
22923
2150
32709
24781
42045
17073
21396
16657
44249
3934
25622
17336
46334
25690
41376
3302
34118
9650
31880
32816
29157
10872
35740
7093
30768
296
28602
24953
42323
909
40609
17846
36220
6549
24780
39965
28830
41402
4999
41163
12733
28966
40694
30735
28783
23453
15158
27868
19429
5997
26922
9273
29971
19777
7806
21410
6427
26131
33560
30946
47469
28543
40385
8859
6590
4344
40679
31008
22080
35685
17512
14773
790
20998
5605
47657
49624
34956
1529
46834
20217
4387
31132
23092
42264
19062
28112
37989
34880
27780
42501
14735
48721
36415
4820
12602
1253
16800
5263
23719
9643
30347
32062
8634
34683
2528
46123
46742
43659
31338
32016
27010
80
18209
22871
30155
36565
32444
44626
8127
21951
29486
21353
29485
26872
1614
48163
7257
26869
22572
39798
43825
22439
40073
12344
9195
38403
10130
26302
24793
22837
3406
33453
32056
17931
48710
21009
14555
45027
32776
32911
20676
34772
25800
30598
20840
4092
44518
17450
17732
20270
17028
42395
5502
31219
46073
11118
45983
5323
20826
26818
49218
14559
46154
11041
6031
15793
46857
40323
3416
32872
9476
19820
34831
4966
14273
26648
18270
45958
28661
32022
26969
14424
31868
7361
6271
41983
49557
5364
11564
36682
42999
28744
4981
30083
38540
36391
49124
6888
4451
1042
3294
35630
16958
42168
24420
31013
36127
23464
49323
33404
43553
15762
20458
12550
25326
42206
28804
20244
44998
28050
36982
47831
14559
26605
39142
39620
43158
39723
30685
49157
4680
31777
17142
17145
47283
32461
9770
47411
15970
14264
8595
29637
8134
6967
23543
9128
1175
22740
14007
5857
18475
29204
20766
35417
23127
43381
28187
34278
20948
199
10910
24029
331
28705
36798
25683
23839
49196
16484
31471
22364
9300
11690
22988
26020
6006
44717
18132
47996
11524
29306
26284
31664
8668
29927
34433
34304
47637
21195
22917
21668
39939
39504
9210
7960
34754
11318
26120
26501
11302
23063
13640
49944
18894
40819
48817
28048
44662
9159
48934
33142
21016
22096
25555
49955
8072
40998
35444
14127
2807
17118
49610
33638
19652
17786
5562
39712
2212
37615
38403
26275
5379
11901
17537
26683
13701
46818
43244
8157
20203
15610
30147
15466
13228
30315
12652
19019
31293
4524
14180
17915
32146
12507
39330
31511
6446
12912
20323
28522
24720
15985
12969
38675
19083
43613
22537
11113
49640
4315
34129
37309
11437
46343
41784
6967
11308
2102
49167
45981
4219
4933
26074
29856
40278
13479
44798
36819
7297
45637
13980
43474
47500
49362
2111
44724
48491
21654
32384
27452
6382
16618
35776
10402
13445
34758
42709
550
22104
42178
32995
34937
19755
24295
37154
18670
14969
8463
15935
19486
41997
27138
31809
11245
24441
176
43271
48799
29065
16054
5304
48212
24950
2959
21272
34871
47134
19993
19096
24085
26985
43612
47232
42328
46013
6508
24084
16097
13834
38251
46937
18586
43007
45023
38228
24647
10738
19143
6659
23075
15399
41256
30718
38251
19494
7927
2694
41758
31739
33502
22325
23425
15004
42800
11969
22338
20794
29230
43029
20615
7509
34565
2766
971
43023
27773
36993
25622
14095
22763
48265
36523
35069
33297
2465
6141
22335
44726
11857
32384
32965
22439
37908
47269
44024
23402
17988
2722
41829
44518
35335
22373
28500
20270
31772
1617
37675
36534
48963
111
33280
6125
34022
5811
14385
10573
24243
40881
49736
31430
19789
20395
29441
42939
47209
15060
20608
10806
46418
19451
44598
30397
33523
33572
17206
5549
17203
31757
27492
2722
20900
22828
47488
18384
10245
36117
35562
8325
42449
41510
6660
1151
29244
18199
20411
1821
9987
6263
5928
44986
25550
40413
19489
39308
35763
8878
30235
18346
6452
10941
48360
37718
21724
1706
44255
36275
23214
48383
28314
33238
22771
5243
27055
36466
10998
10931
27896
12813
44961
5029
11412
30777
44058
12715
30912
2877
15540
15105
1039
4836
40705
18929
35628
7325
761
33581
14563
28621
1329
46568
49572
38014
4149
38313
41804
41158
11581
21114
31988
13480
2105
35771
43330
732
29290
3706
35573
39777
28965
11315
12650
20734
24586
9404
6260
3887
34612
12641
25827
36744
26364
41867
47176
35049
34595
13823
20818
25642
33755
7158
29483
10425
20429
754
3459
35891
28701
31703
49327
46622
14380
28632
42631
46955
46388
4251
5562
29496
32149
45634
33482
12489
37812
44831
33712
38787
25808
14332
29724
8576
18746
34721
6995
42919
29527
4813
42488
40644
14256
40921
19626
23932
6815
19814
41715
47101
16199
38734
42979
41946
10612
39757
27297
20015
1023
11760
35492
5197
41571
46543
1400
46354
46872
7455
24335
21719
45195
2034
22559
25383
47459
22614
9172
24955
29258
38293
14431
32192
3237
59
37748
1439
34321
48258
16582
21978
35673
47054
6869
27973
34445
41097
24631
29008
44396
43787
24825
16980
49166
43125
17280
34109
49585
7136
37645
14874
6512
27016
33664
2439
38475
46185
31690
49046
35326
17165
32088
29390
11489
15310
13212
37072
27668
14697
3728
43465
37429
47880
7996
2657
12015
31553
35730
20205
49722
15807
46886
11369
8511
41624
33384
11870
46793
4222
25254
30335
41333
12008
34910
22547
49766
15171
30216
46538
10907
24609
20100
45230
23560
4451
22773
38769
13920
47564
17003
11272
33780
13093
10816
36362
35746
21011
12765
1426
15105
11719
19310
38818
45041
26872
9767
26546
12974
430
45858
27396
26430
43745
46364
10830
10062
6841
44607
41811
46114
13625
26900
16487
3566
42940
688
15243
10691
41189
27562
34639
36855
38062
24384
29405
20433
48054
5677
28571
19833
20133
40944
35914
16072
15660
10339
13088
47021
16861
10384
36857
36089
25032
3759
28751
13884
39179
48584
12856
10850
39009
24189
11839
24233
20696
39911
9912
9757
45021
40430
9676
31795
44203
10460
41291
19259
8321
48213
41212
14113
2511
47140
3524
36813
24940
5712
15548
8159
41072
42107
103
38642
45796
18468
32844
41486
24321
49639
38693
42082
21070
26377
29070
6441
34831
25626
45469
28658
14467
17433
25522
1963
11770
4855
31090
196
32550
36661
40691
40309
30378
46274
869
9400
32689
46163
43836
47600
9231
9810
31801
12406
2530
47343
3154
29496
17957
14490
29182
49378
6525
22723
22194
22039
31094
5928
15559
6643
32672
4355
8724
9026
30353
26203
26551
19654
46002
43076
22791
47522
24679
479
20815
14300
47019
1082
36753
37041
21705
47502
48338
26369
30201
618
11934
32952
15786
12174
16934
33851
22210
38424
35374
43629
33003
23603
46236
46841
14447
19393
17696
48936
43060
25216
49817
13430
8260
10715
41480
4680
20695
10482
17734
42854
22840
46843
41720
24759
36662
5264
32646
48532
30991
34369
47198
26111
15097
36910
13372
25803
5775
12729
3357
33858
7632
4533
10271
5395
20677
42169
44671
14944
21302
23165
35607
7572
49758
11206
2151
20884
12002
46553
4795
31174
12034
11123
14579
43334
9008
572
29132
12777
7613
8433
45047
6908
21987
1582
7970
13021
41756
43695
35745
6783
19228
14756
10976
39695
3854
49203
45662
10784
29828
46615
34779
28766
1337
10241
5934
5960
7607
47921
24830
45300
4126
24644
41926
33241
26034
46492
9322
10326
15984
45475
47404
49104
30166
27142
44563
24989
30225
24507
45079
1277
44651
17123
46230
47121
1375
3233
25782
9215
17490
8818
33394
32892
33876
23188
5911
39325
44028
31033
23308
42560
34020
39287
45011
39161
11316
3394
27753
39455
34453
13747
49594
24829
26790
36685
4320
24441
11218
41433
41444
2084
4606
16366
39251
14232
20686
38725
13807
20643
38833
42911
44971
11997
8758
8744
6872
6984
7151
18942
29126
1830
43333
16061
15223
37159
1679
6811
20840
17687
42231
33817
15778
7641
48424
46599
37123
45024
11033
25118
20752
39916
2283
27498
7170
15822
48256
27938
4621
27283
43756
11001
48178
17627
18355
23922
35837
22724
33626
15276
40498
19369
1358
38322
11032
47398
13857
42208
31713
29120
43920
25868
25993
45378
26279
27614
836
14081
39547
8540
31502
47772
29756
27045
17775
35197
3030
36066
36862
34824
33178
24492
29234
15980
34911
33941
46101
12642
22609
31164
40633
32437
7287
24769
15947
7115
28105
22176
22996
47556
5537
11
32630
36063
29181
29758
32475
32323
44878
18619
32411
35232
37890
43477
24925
30244
23167
39280
20659
26236
21589
24136
1821
4709
45259
12666
14310
4894
14616
8845
28543
4598
23680
11696
1196
20018
20859
6856
8318
27658
9930
41098
33350
23259
49468
26802
14238
7015
35632
35820
420
16890
37527
31796
27794
46648
32436
18148
25404
46507
36372
33070
20234
31754
12923
39505
10892
1865
34855
28434
5755
38682
40804
37085
31709
33127
8514
33765
22147
38914
27818
33657
12362
33597
14605
30091
26712
21877
44520
135
45844
46162
34986
13253
49884
16632
39746
49090
40194
31041
17355
35153
27918
21279
6115
18146
48710
7030
43108
35106
33355
22375
40779
30707
5995
18217
39394
18690
45709
4275
35378
21102
33435
7610
44374
2486
7775
11754
8373
17778
29635
26847
10912
13031
7209
10209
26577
17853
29786
47125
36149
33127
17189
9995
18366
9118
7188
49055
37033
35023
14545
11507
33902
26011
2907
46196
34625
41616
13763
698
45067
23614
5571
1509
35849
45699
19388
11081
34396
6558
26386
49788
31563
12966
47500
48750
41707
4942
20473
588
22662
24202
24409
1824
49224
10946
11502
6604
1355
36050
23419
27879
28880
47503
17077
29487
45936
35128
19941
1977
44707
45853
30866
34495
28622
45594
16811
40840
28235
35499
8675
44562
40711
24334
47116
3052
36515
24788
28953
34182
18054
21138
29339
38506
15003
45658
38095
42043
13334
2926
29313
10911
11584
36762
36189
24317
39960
14985
17842
20770
7044
25791
5221
110
31490
12087
39717
9976
33698
7051
23017
15788
34009
41827
12605
35467
48573
45292
6821
48936
42169
16085
4790
15120
29725
34506
25984
2453
45709
3717
30562
27932
29800
20244
46112
3482
11156
32080
19390
4796
46151
29128
24454
27677
9968
6200
12982
43130
27865
29311
416
29376
28198
19967
44420
24357
25081
10074
37858
31441
45181
20473
49857
25638
10739
41796
9642
45328
11923
47405
11535
6382
8457
31731
45509
44742
14599
24825
38344
22281
10769
13577
33956
36937
42849
42103
1168
39548
2996
40520
21577
32307
26853
4255
7649
6815
14143
6742
7380
15332
49879
47401
42377
43735
37323
17252
9116
24457
9422
5405
21863
29283
32818
1477
7602
3158
46270
32775
27117
10535
1976
29580
26514
7313
40216
8762
24708
41234
20959
36400
12953
36614
12245
10150
7704
31387
8236
9656
28656
3310
728
1969
762
39327
49535
46442
24299
43929
15660
16772
19701
20419
12935
34750
563
43916
40007
38444
11286
16767
8150
3106
20626
42084
43648
18123
1881
7879
35041
2194
4134
171
16839
35396
18671
6777
33174
12477
38176
32835
21041
37541
45099
25680
30507
43131
41276
17366
30375
49598
5283
49491
49812
47347
46578
41423
17006
41307
26723
48512
14883
21461
12593
13622
46929
41046
34154
15458
4839
11695
36912
40374
8104
28672
10260
15053
4620
22514
17382
30488
21510
23986
25800
36725
40915
24416
21434
36890
34252
32600
34603
1329
40312
1938
40954
43785
37068
18268
47078
17413
10155
47993
10023
43534
10654
37361
33294
38408
19866
16114
14902
22186
40036
30467
13240
28341
9297
20134
14180
6315
34478
11319
25335
5598
15543
3395
8432
8539
45919
1389
11040
18784
2152
36313
29022
36389
36818
21312
16059
28580
26551
7425
8352
7332
27118
47422
23491
6791
10627
35714
11271
30830
12068
36614
4080
24610
38700
45262
25857
10307
37345
37936
8761
26534
23513
21967
35559
16275
27922
46589
24043
30861
31911
17996
45412
17232
11665
37072
2459
33269
11700
42145
45156
47565
25096
35357
25564
48466
11393
6077
8918
18187
35511
27066
36653
5833
42450
47685
46285
779
43389
3822
9324
17307
37908
4953
5575
7853
29262
21816
39387
46193
22464
22560
37843
31385
11977
35913
35256
6027
46621
40801
12036
19313
45062
12240
20952
1865
42885
33392
15406
27567
14396
13329
8910
49101
46554
23825
24934
44354
45234
27924
37464
2867
30674
20804
15152
21998
29966
25795
43001
48522
38647
36903
12213
26937
42091
49705
26541
24838
17040
11490
19478
11988
24587
45198
13416
6750
39205
17905
719
28182
39738
43965
1461
42797
25007
31787
34827
28690
24234
22455
14643
18630
5657
16031
15435
48546
46897
166
32887
27759
42181
16043
45657
15544
19817
2668
37682
47234
5346
32817
19710
8141
34438
12816
42230
13594
36869
14991
24565
17152
18419
7021
26976
13622
28802
13688
38870
29941
38572
26343
7888
48689
1378
15152
42155
30774
44230
42585
14502
10189
31660
23180
8872
25304
24226
1625
35921
6509
1621
26232
20887
7986
23730
46004
42868
41571
13288
13690
26323
33677
15138
19910
2416
38534
27307
23901
14384
48190
35868
41848
28822
6419
20067
36812
33667
3216
17491
8358
41144
46167
13741
45923
28520
3241
31689
13450
44541
24126
10938
34080
26151
35389
16288
17069
7233
36421
41661
21727
28987
10673
11426
1714
33083
22158
19269
2127
7709
21410
17823
15966
11561
39377
20103
17939
49783
29513
14706
17434
38723
16490
18618
29070
39128
28415
17719
15486
28064
43565
3672
45226
39392
17214
23171
24231
29566
10321
15075
25700
41288
38153
18461
19194
15787
31729
961
46215
33306
43209
32984
30016
20013
34551
41688
34133
2597
17893
38176
16430
40662
35775
40435
34309
36315
4396
15763
3235
20434
30061
21569
25080
5153
17677
29507
17613
14924
49987
10704
93
45752
41680
36280
22944
45341
15893
13375
8582
18639
40001
27095
13811
24064
36017
8905
24545
26542
4942
21764
17705
23174
27808
18714
36538
3627
37614
16524
26745
30064
3493
44773
41033
3399
39779
46657
13338
6782
15250
23042
40462
10466
18216
21802
48191
18241
33966
39347
9762
27134
47039
29199
37145
33171
4615
29964
34376
49089
12705
42394
8937
31672
30281
25009
46410
21923
4641
15899
48114
8455
47072
28425
19850
17319
24203
2791
2207
12888
19797
29998
10636
45188
20331
2398
19415
1602
18757
4815
16931
46656
48134
2935
387
26630
35307
27759
4662
14609
38817
15349
29929
6938
10365
49589
44918
11266
16877
18341
41841
17893
9049
40970
37051
12015
32661
39734
30062
2493
38527
45768
42032
9464
39146
14226
39201
3144
37135
42965
49137
10387
45674
31977
16251
4300
21367
47676
9724
25338
43436
19329
14253
5019
6281
48207
12839
44578
9221
47863
10529
30738
13334
11070
11142
46416
23325
26228
35151
46467
29570
11875
15422
36748
43869
7390
39606
6011
40589
23418
35888
44737
26646
20901
44631
15198
17912
30251
6530
48885
13390
31060
42197
43195
7152
45723
10712
40503
45645
23106
39537
1987
45400
10812
38493
3268
37410
29463
38267
20325
2495
43230
44787
26008
43509
5529
40165
5996
48544
3057
21372
4999
23963
32552
13090
21169
35494
4325
32240
38068
733
48547
23176
4052
19861
30836
43028
4532
35335
21609
20608
26374
45858
7429
21641
43291
31387
7936
49856
7232
45583
27918
19807
28490
37198
34976
33464
37762
9242
33156
3424
24979
41176
39847
34131
31339
6284
42199
20830
40896
8241
1288
27392
25513
5361
46355
11720
17024
27270
42012
23944
24854
49122
49020
40167
18935
3545
49357
8895
29373
14345
26801
29673
39407
27480
38657
20102
17610
45254
34745
17419
17811
18290
32456
18540
35551
26791
41642
49875
43449
13464
687
42290
1589
47499
30307
541
6520
9915
19524
20687
22095
27308
41893
39188
14803
38124
25141
16023
39371
18847
2378
21282
16935
23388
30637
3117
44055
39677
44541
31023
23005
46277
47110
19914
12801
36732
27413
41659
9552
40869
9236
29472
32747
43447
30287
14151
33127
590
48421
10874
45429
29297
29418
28142
12137
25816
31188
29936
18610
31950
5423
13205
11760
19370
32436
31828
33287
13360
48046
2609
27384
3536
44020
45967
43483
31602
41390
46126
11316
21935
40153
47377
44890
29907
4049
36451
40109
2694
35452
33727
26621
18992
5834
26761
48091
4109
29754
26510
19470
8067
32834
47728
39994
769
8233
18997
20441
25642
15984
24078
29774
1027
30568
8936
45073
45056
22288
41107
7239
20350
7397
18815
41958
33627
34017
46221
11676
42928
38653
45257
11304
17014
16064
25997
8794
13477
33014
40099
8440
16516
32102
24710
5472
34404
24101
42620
29728
31850
36486
8988
48345
38409
47911
14334
38951
18940
21496
25087
27829
7816
32406
37871
2797
45236
11659
23506
36926
22649
7243
14426
29235
29798
8548
45731
26379
13346
34074
17286
17576
49800
41984
39787
47560
44140
23281
46409
25872
23598
48740
23804
40526
44895
46096
24302
5101
22642
41143
37144
35557
14349
17054
1226
26962
16472
6630
25159
24072
20883
23435
49094
18371
40686
33349
17038
28288
5098
47895
28480
13415
11066
27884
26778
41063
24022
35996
19555
18179
40927
26006
34051
14245
14465
21890
4536
3824
500
32133
4808
48204
46140
9725
8354
15264
5223
45549
42829
4747
9345
38732
18463
25559
40502
12687
1033
38026
39147
42296
22627
48450
25695
29558
9256
23242
111
10721
34213
30456
25365
39764
2809
6280
37000
27465
25520
35085
30689
48100
25755
1060
49589
14071
37751
47274
13792
40281
31067
2530
22494
47499
20801
43825
10843
20219
32574
39273
47143
1695
33634
25868
33767
39520
26350
27259
46126
26205
31015
17401
32479
34545
36426
27260
40759
1564
47485
36007
10542
42836
13490
41610
35499
18541
39723
3381
575
11478
26821
15307
30570
2085
35341
32600
24881
29623
8161
27761
25279
15466
3291
23703
41276
11433
36185
373
24733
213
23022
8294
36013
29669
42233
11342
16818
48429
26570
34973
26741
32826
23534
6914
16124
676
38843
15724
15275
21988
48247
14694
13841
11442
30153
30200
48738
46348
22047
18921
38933
46778
45953
1375
44489
40706
47215
23001
23732
36461
16198
40008
13533
15081
273
37829
34426
28580
47215
32788
15427
13955
33246
26751
10281
20911
31971
49851
45246
4241
4832
22174
6331
6138
10468
1370
9384
12669
1788
20235
42128
35240
48873
31825
47643
48712
10407
27890
27918
3433
33770
21019
30247
1770
22087
49216
17634
15410
32214
42355
18139
49219
3236
26317
35548
8949
9346
14839
4714
35969
21922
40526
41235
20795
17145
25267
44125
11918
15035
17908
31616
17236
27509
10463
8956
15180
17999
13897
12885
22070
3760
10697
33920
11776
28110
12771
30808
20542
11701
24861
10865
28375
22014
11571
40865
49588
21389
11401
19733
9417
6745
15654
22334
757
3566
24782
16696
18032
1890
37678
31049
14650
48947
41927
36233
21809
20385
13721
34855
31713
46262
44380
23701
34058
33480
23100
9988
33132
4828
21753
32522
42544
9460
37553
35264
33390
22780
11348
29370
4010
30724
2750
42589
13252
17280
39913
39931
28658
48739
3834
41574
25184
40100
37811
12620
47315
35431
41920
24723
22298
5367
48536
1819
48374
8137
18112
7438
17383
30442
17983
32592
3934
20567
15271
33186
34255
24588
14199
24122
30055
14088
13897
31532
28317
12974
35797
47594
9728
30568
15098
21259
23352
12867
48802
19456
4667
8171
25489
10302
45005
30510
14879
47775
49744
3276
28362
15554
44511
20580
8805
30979
13155
7064
34927
4125
25087
4598
41545
42509
4283
18856
15489
11999
19249
5776
11338
48788
13614
20436
44022
40521
2395
28192
790
33602
34958
35916
48097
837
32441
15786
17662
5147
16564
22242
5694
45120
3105
24165
2184
33335
23656
46274
49643
2340
10200
49420
9380
12956
1393
26386
8642
12015
13062
47423
21137
29893
21127
22426
24888
14995
177
43804
46437
15307
8215
30644
39576
43726
14758
24431
49452
25359
5585
10357
47589
42918
14400
35474
18935
46365
44396
3682
44049
37698
14980
13621
19654
14784
35638
5751
27250
30777
17400
43625
1654
36561
34938
41384
29127
16226
6657
25184
23587
19971
310
24230
49088
23743
18361
32188
13933
24720
29590
18915
8097
12335
8967
33128
17647
9377
39870
39853
39557
42857
2817
45341
43736
23029
37060
23898
1041
42033
31996
17628
645
34760
23415
39154
12068
16014
12572
49895
8662
28384
3474
8702
6574
36754
24059
3350
28975
15963
34979
40828
27165
9133
10636
34277
21256
48642
26214
43264
15688
48781
45145
22298
10039
22193
4256
21820
12276
32920
25801
5214
28360
10274
28527
21134
33754
42999
22188
21262
10632
794
1117
25067
31401
14265
34814
4878
33186
14873
19788
21071
25638
34412
48131
21055
29678
18947
18072
11995
10013
19087
27038
5593
33965
19001
37394
5725
47861
38844
8090
44802
45347
20572
26545
39653
32531
10626
11113
18052
9190
48008
21294
39712
26426
265
29925
21290
25151
44490
35104
6478
12423
7827
1563
8750
7718
2645
10772
24022
32771
34636
25446
16060
29086
10093
44871
31992
7643
3071
7459
30608
37328
12606
7041
26925
16716
36453
38504
4777
2315
47081
27950
24132
21544
14702
41150
35694
4075
46500
27302
3194
20567
7789
28492
31059
17481
44851
15942
28137
36496
13426
47146
1745
4483
45016
42022
45460
13975
26964
33770
8482
27169
1766
30541
24294
2995
15752
11259
37384
22289
27444
49600
47214
33017
23076
45037
36292
3275
3398
26746
18270
28943
3155
18000
11645
33097
10510
38105
48384
43337
22896
40858
34531
41735
49544
7188
25655
10049
12591
19401
34970
13633
5437
46723
43856
39694
44818
39289
23425
13080
36912
39143
35985
23729
19119
8997
46452
33326
1460
42133
9877
42250
28809
34360
11657
8335
3247
40230
7149
45737
3
4682
17277
17635
9923
12955
1347
5760
23217
42144
44342
41233
40710
35499
28003
43774
20874
14788
42706
41196
25111
41288
3203
14221
38088
40260
39545
37140
45362
15155
32156
43349
27347
40117
34495
21860
12480
12974
44164
47353
26314
1205
19651
25274
5285
43889
33422
18405
4009
4771
1868
14799
19745
43678
40647
410
42578
34493
43028
42058
19675
23069
4575
7763
17092
23448
21867
30614
20545
16071
13946
40960
48077
6688
34517
25559
29522
38413
31496
20540
8740
24045
24570
16928
41622
49343
46652
8693
7081
39023
16457
13111
20887
35696
37002
43648
7555
30078
7101
8764
40570
22430
44689
7352
46680
36236
13573
7478
45351
42028
30615
40452
12881
34127
27106
17048
16367
28790
14221
30225
772
18537
49449
44470
29521
31749
49582
9863
4947
692
35221
23070
13050
43045
41244
33481
25713
32565
16752
5358
18281
20709
38962
19981
29418
17102
18209
11677
4539
22499
8525
44166
39750
3175
8127
22243
6262
921
45372
14028
38202
49969
24758
7020
16061
5024
39312
5439
25205
4100
35395
31570
10205
28754
7939
941
46366
21036
20586
41745
34641
8694
1812
6282
40429
31583
4725
22486
33460
8247
44556
12711
28655
44175
33554
39400
12810
35259
23067
7770
36361
43809
1447
5840
32935
25168
27153
15475
44724
41777
13709
43522
4026
32223
4872
30718
5695
8644
4723
28848
22566
10634
48621
36470
29365
38918
39031
46206
23351
10160
43216
47818
25387
34436
38200
10363
9423
29524
29414
16233
38641
42996
28679
19831
26393
43983
42087
26198
48991
82
21588
6577
16846
40354
8596
41069
47690
33678
13635
17360
210
38844
37171
31345
10555
11789
36273
1989
38651
11803
37637
13792
5135
39346
22786
40239
48904
44
25575
39609
11352
37819
26491
27410
28587
42813
33066
10166
45538
13642
13087
24366
27626
11559
33273
21263
29015
16996
20310
30156
35430
38691
33962
43818
6095
7503
37733
44113
22556
10185
47941
10743
46233
49349
11667
45535
4931
25770
16152
18791
10372
7201
40578
3491
46732
46976
21892
45484
13057
2885
43078
25034
36725
4514
38900
43846
8021
6281
14885
2535
2632
46095
25801
6122
4397
16415
3846
14004
26817
18025
26971
19702
45247
12941
40615
37639
8971
6181
16381
46442
39682
1366
19091
32618
41114
16186
3086
28318
44112
20620
49078
47512
41792
19401
19889
5929
49989
2660
15144
23933
24180
3560
34004
17743
40062
30912
31783
25675
47854
6610
39847
45427
34031
15597
40402
34146
1881
4125
8326
42613
27864
22024
25292
32133
43860
49404
25160
15456
47009
3304
1352
31328
34223
7274
27132
37429
33065
24651
44471
32351
25484
48999
34509
23232
46264
22294
9853
34514
34050
12319
38987
39889
18132
21323
31814
31846
13368
23912
15937
45726
48977
18
10784
43510
44431
44544
4496
40767
15235
8604
42767
3638
48901
46604
1632
48324
21437
4578
20136
19643
15378
24592
13856
23686
49753
12829
33526
39618
14353
40759
18862
26928
25712
10278
16280
31735
43082
18949
30874
24818
35774
49008
39082
22958
19984
6464
1071
49959
22019
26278
17898
35202
48284
43167
4302
8541
43694
30078
12605
35629
7975
18801
33272
27608
43967
4311
38388
27543
41169
7319
6541
8517
45370
35311
15543
27207
10491
34357
44931
46714
19924
12459
4381
11428
49368
29909
38856
4804
49644
46111
35767
47198
42206
7409
47857
24460
38814
38672
14606
28746
48388
22729
30510
15237
40977
5551
29459
35878
7997
37878
37382
39397
40088
27306
7342
29599
16795
49908
14352
37099
15533
5442
31899
38654
45748
25235
35291
23449
37939
14672
2090
33043
46041
15868
9749
30503
2811
36086
8876
4111
35532
18665
32870
7935
3578
10411
9585
27290
24571
23442
15981
48818
6605
28815
4315
40129
15136
47950
14165
20802
31671
10520
45268
16000
8893
15462
15805
8353
6599
16560
37089
34197
15387
14417
22865
27475
27539
5290
44866
11185
28312
12269
29165
49292
17000
5794
10725
39481
45339
6535
46562
34263
18110
172
5270
35062
1046
23049
26398
25045
25406
38371
39942
1739
4001
19295
9505
27994
33609
17978
18249
37850
38737
22688
13480
5147
16568
12728
44419
15844
26544
40342
6777
26422
41277
3734
38361
45709
23842
2215
48764
112
5948
28719
41797
34943
25256
28759
13798
20579
30841
18796
34514
36861
12196
19082
39836
31512
9825
18590
42685
1979
7765
37474
34494
26613
40465
30150
23186
39547
26748
35906
37497
22169
24469
11639
18071
40862
43471
42757
17498
13380
5933
45499
35187
45155
26213
47463
16671
27852
14605
28132
11032
24739
4802
19954
7392
45181
7745
28038
42143
30212
9630
27882
4585
6615
39461
12909
1890
32171
34368
9624
34893
1640
42365
37292
33179
24344
48631
12986
38761
4927
27849
10657
16104
2751
41452
33247
46397
34897
31751
41475
30134
32631
27334
40115
16616
45263
39922
7197
23117
15289
31519
31842
44048
18216
37647
4796
265
44288
1028
40492
15527
6455
3732
14463
16464
8811
14594
25682
9222
20547
36499
4918
33142
4463
3120
39159
25805
5794
36244
38942
28199
10788
5981
13229
9259
47717
11677
21891
33815
12162
5234
8113
17592
39333
34936
10778
35028
43983
23394
27353
2328
19090
32301
43742
18352
1069
4141
19077
45292
26715
39669
6404
42657
34614
13391
47
2132
10314
32066
35164
49286
22435
31930
26401
49230
48077
14832
20027
27404
48259
39093
46749
38593
18229
34227
29605
1681
32210
31739
5374
26163
25385
7975
8533
1235
31914
2068
4283
6202
15724
47579
37164
29629
16722
598
16245
8406
8140
49940
25164
5026
46707
8724
30981
13842
32823
33478
25221
25333
25134
3337
33178
7514
33419
2842
13659
44407
34637
28967
3631
3474
32248
34274
31663
42319
26032
25182
24696
27969
46065
43119
7319
28440
37494
11499
34144
39947
12522
31927
29950
15188
28501
28256
17403
32040
11362
13869
35190
27081
32158
43562
43100
46801
8849
11531
3658
39209
5038
21573
5859
19179
23498
48718
6479
26499
195
17779
15281
29053
45498
48138
1566
8186
10248
20812
3996
214
27053
32874
21276
46201
17413
10771
6245
3916
22621
43940
28548
15649
19579
45218
8683
24273
25024
720
6937
40262
15298
9746
18392
41495
19020
46524
42501
44179
39844
23544
43269
23879
46912
1734
35861
33
18279
13936
633
40702
19551
7509
6221
6338
48170
45850
25990
9930
41750
5933
2500
15892
13798
24822
37173
39413
40134
30305
36823
29326
35177
42491
47408
46731
15271
41009
15245
22477
20480
20298
47471
49843
5735
22788
43962
28722
36343
12574
10646
6996
31155
5242
33259
22012
25623
12950
17096
1853
3659
13663
15828
4259
6421
16624
5078
4612
8162
29651
2779
45766
2358
2494
40565
30270
21368
29350
17620
3650
27085
14490
42225
41617
29646
7577
4320
4971
22751
10211
38300
45002
39345
6460
31617
34351
34539
41149
48487
48932
42722
31058
40883
26378
17924
26660
1036
24944
6058
33739
7982
16662
40525
28667
24064
49918
26803
27633
10099
47239
16699
17406
35842
17364
31399
49055
18839
27709
48313
12067
49109
41742
25980
8142
2465
31059
33155
2862
36925
46886
24466
19010
11370
19272
16482
8541
21516
28659
8551
19806
3674
1711
25078
5650
4228
3754
4790
2094
47030
23466
21441
12234
14343
47078
39077
35708
4381
17349
27410
14880
20834
33770
29971
970
24728
32566
38587
48542
32719
46638
44790
5948
12316
23014
44363
30954
7284
35871
42317
35048
5299
3303
36683
33343
1492
13398
46534
36332
38881
41299
19060
28210
20152
31031
9986
18142
27976
19783
19207
25549
18216
38936
13998
5931
10881
3004
41585
4419
6929
37765
13329
10942
25156
29924
28599
618
28450
29599
331
38950
16200
43999
7643
41554
15727
35047
6944
37746
40915
31731
47986
17783
47161
40462
1170
38709
15576
11498
11552
36501
46874
48193
32644
35620
22792
36865
28196
10413
6479
1400
1471
13834
26391
