46013
427
80254
66869
42810
78071
95300
68645
96037
66446
22600
5160
48879
51851
238
31526
79459
5004
89309
54119
53622
51599
74569
13024
71962
47904
49512
79074
16824
34105
81853
45869
76363
24590
34425
97194
75609
12613
26941
16158
92038
3719
11330
74071
26519
49613
33834
44898
75751
60282
3011
82066
4088
82732
8388
63658
16429
62692
26820
13804
29326
20254
55332
28678
64999
64230
80293
45569
81390
89987
15478
9616
63748
6179
56958
2278
70987
61268
85766
77076
49447
16277
40961
76061
5371
1961
93170
19433
31784
83663
86090
47252
20594
81439
1811
27552
8758
31507
38246
2024
48824
19280
7821
4535
92582
14325
89730
63315
59133
73729
46928
86891
67108
18606
39900
20230
52988
29156
94754
25437
54452
74257
58941
38811
84539
97903
68611
60900
20907
37500
37138
91991
94439
70981
58051
75635
23898
86789
74882
99447
79001
25975
20818
55817
71902
41397
545
63884
19984
34711
81801
23627
65957
9238
9586
27413
33386
16517
94981
14047
40907
93122
89547
80437
31589
86362
68227
81553
36825
46160
18903
5689
89919
23797
49614
45330
10947
35789
96614
28065
39112
98159
99487
11101
86616
72255
83193
77617
98340
35061
75712
87563
80109
68010
48008
70195
32262
19487
42961
41025
27397
21296
41586
46983
76542
36334
83089
71528
55810
37042
81633
39269
63818
9463
95810
23731
21220
62626
7921
66053
90566
25028
26438
84798
68605
34945
77280
44199
17617
77824
23438
23579
50842
88571
21161
65513
54708
63521
87268
37285
11013
80205
73927
73113
97884
44148
7133
13659
43968
71751
27752
17250
87229
30228
27922
74825
20338
89458
34012
36021
31134
79380
25109
9677
12059
55724
29965
30731
21427
39046
75500
78249
81123
13987
5531
83745
92479
79094
191
90479
28720
83613
22644
80961
82293
29076
61059
94783
51046
6869
12873
14592
96996
43197
49712
45516
19499
23173
53471
63602
51941
79612
36260
99633
28518
65037
64463
17311
94302
65097
41513
54468
13426
74591
72371
87695
85686
79616
17093
61885
98271
28286
48248
25058
24244
1415
32531
70428
83462
80088
46187
73115
69696
36440
74849
75817
7661
65017
61310
27699
26437
93492
71594
56455
57825
25912
9539
97242
27240
59197
30811
16116
80021
6563
2402
86587
18120
43957
27408
81761
30372
9944
40432
25384
82932
36293
39805
4433
30013
63280
60339
37552
75344
54613
82816
96745
88201
77474
79648
37825
5217
37760
46184
84173
67116
52516
6905
6356
19597
76521
98481
43235
4458
22116
89242
98015
33299
19293
16810
86576
66449
84374
17994
26317
59102
69673
46111
74939
79403
27750
17474
1791
30880
6238
86642
32271
63199
14024
53503
68331
64442
67666
58156
68639
18510
8051
79663
61677
51828
97093
63458
27796
46902
25728
63474
11252
23838
52556
7638
85568
87488
66761
90
67043
3983
24705
63189
4011
50033
95237
80154
34008
71741
50530
96036
29014
50603
26422
10028
93343
35734
9149
36616
90619
9218
93828
35726
95399
75712
98670
96631
37711
24588
7377
8682
64309
65245
17199
13157
93376
23791
40401
62582
24400
53076
77202
58600
62810
47259
5006
31763
91660
13064
35567
13399
63156
15897
54420
50411
41648
54741
51227
72948
66483
13073
36551
70938
40346
80590
97872
85434
65042
70628
60815
31838
39011
21581
45767
15087
35905
83085
18105
72374
94476
11352
66047
52434
11458
15499
97617
6923
89592
70828
55841
45743
6735
86575
99844
56991
81856
67171
22346
29420
42836
73356
27780
97202
58774
76513
42438
3879
73371
9243
98670
49019
63354
54513
50929
10777
44007
67127
30819
26021
7268
6808
23958
72706
47936
42010
71354
91608
76617
53296
85764
52960
30003
36279
65493
65572
17602
75871
55804
64022
82401
85705
10337
63737
27379
78882
48461
35935
90447
15531
90831
92969
92317
63345
97450
52165
94578
48997
5819
25712
37671
80242
62214
43080
3953
73603
41211
87679
88683
83817
38860
49921
88168
63323
77213
41068
36539
82782
68728
27969
52985
87787
80554
84145
84828
24664
17088
65611
13471
56403
29722
64480
20145
79933
44304
11063
94095
51810
11436
81026
22745
99093
75426
57942
17948
13000
86163
49058
55520
33281
85169
68902
34464
8215
71615
17992
29458
2146
66118
73076
36426
86555
90383
29434
64198
94530
48592
78967
61638
11107
65501
11370
31237
21335
58222
39803
14798
47977
76769
14464
81408
27709
81152
45777
46283
22957
26080
45558
54185
46608
38675
72974
33481
18997
18334
51331
67876
24231
11119
3016
9564
51401
52325
78664
83896
66563
87710
82601
17401
59243
45853
65042
18929
96437
33005
75610
43141
21259
88079
58864
52554
71111
88083
62954
81865
78427
14392
72755
73846
6623
25451
23776
37328
80106
41712
79598
14956
20852
93056
71383
57524
27710
17822
49815
24037
39950
43938
8225
14207
61232
454
38030
20563
98251
23147
64136
29546
83710
65077
17373
56083
6991
73545
71924
46251
524
19446
79710
22822
1133
39553
44965
17704
84362
18692
35847
9337
6431
49598
56293
65276
34860
73601
7443
44450
40531
61890
11629
71153
48967
79891
26999
40989
22510
98742
76831
4087
24736
94490
13840
24187
29807
95107
72248
16100
47775
14388
80665
92827
6947
88088
33230
29467
25822
60874
19306
78741
15952
23719
94878
17414
16390
78935
88880
63148
56959
70176
35386
40843
5578
16814
55967
92587
22337
26277
66994
46279
15572
4938
14192
5636
79735
704
45603
97561
2020
96660
61134
17210
64643
60956
98658
68295
26018
62574
63184
38565
3995
19677
32500
74401
85634
68685
69999
57695
68235
82618
69667
70782
29815
48410
43212
92138
65395
83540
4185
48907
26334
80995
19332
54271
39810
1492
2701
63525
75171
12803
64223
80340
24625
84072
40290
78366
42200
38590
10207
58175
52483
22997
87384
60857
65916
70865
37454
67892
65348
13324
3270
6907
4435
30590
86301
4467
22869
65861
2255
37899
23218
83850
41977
26175
85116
97128
79298
88751
35402
49916
27556
83991
61246
43311
9743
13281
59825
89714
42007
26448
21851
41541
31518
29781
76945
77842
16662
63513
10542
76770
84198
39691
60290
95316
37499
82972
29467
33496
60511
68009
37813
29496
25791
31967
6548
15182
40059
42972
15645
1283
37673
7221
41880
88599
60683
61276
79030
44318
76169
28678
90935
70178
98993
31735
14844
81092
27431
35704
75420
79665
45070
99673
76390
75589
78032
96949
27409
6123
9647
425
68912
15523
83743
29665
70157
76516
1688
41225
35135
81040
75420
39169
63905
16844
19716
31424
8469
52293
13060
56685
59147
99652
86534
76381
36607
67709
71278
85373
13036
91300
90966
49198
10590
88305
80207
844
21529
21262
31353
81527
59732
16760
11719
96022
17177
3604
24567
51636
28018
67741
77920
94671
9812
77367
36027
11694
33061
16252
38721
11839
42616
97827
79402
30975
20684
30208
2066
48837
3002
21351
52004
19506
54396
25845
13386
69578
40783
48303
12107
42770
58764
50182
45079
72404
2746
97487
74305
2897
24079
73216
55403
82534
37466
99368
98109
17598
35353
80562
46662
15698
471
51521
23343
99173
7020
87342
89497
34976
18125
73999
83028
73138
26514
95186
40685
33638
7013
87632
10311
90235
98081
46721
27990
3288
84297
70570
55050
66705
81967
86506
78490
8514
66569
36133
10809
68719
73069
70372
92880
16834
33869
54392
96549
52429
58809
57488
86719
60779
73001
63304
47627
73567
78718
60804
96297
68860
63766
11772
67511
39516
3493
66006
7699
33121
59560
77509
43762
16625
79748
56677
95583
84349
90168
25316
42565
67018
31970
10604
38386
57917
8672
70953
64113
68660
91359
44743
98935
10437
51072
59415
32670
27430
80965
43779
74657
61016
83901
55005
91285
53690
60830
28611
44903
11705
13743
75500
98366
34476
74676
11046
28651
60088
62320
85219
1474
82067
62757
6571
87299
13061
79223
21729
401
6575
1196
18938
34549
73184
58040
561
67515
28
56611
49936
77555
7497
61411
51739
35916
99359
81219
57598
3168
33400
93900
31340
88518
64878
17917
49232
21873
58010
22491
4733
47266
69016
95907
1245
98287
5457
30883
78504
55812
1053
8325
25438
43818
64056
29900
82570
45662
1651
23253
92254
94517
98915
15085
28689
7737
98886
89049
11552
97520
99763
12493
27913
38930
49846
76879
98226
95721
8449
18481
59700
10626
60540
32582
81478
24424
45564
6149
2877
20568
36721
65391
27750
48817
76268
36885
32238
78637
23545
21643
91238
18720
68745
18703
58491
41646
63589
45204
62749
20962
55916
44455
49213
79571
72166
45416
74149
40548
40901
46042
77758
33331
31696
36310
72366
61409
89352
75346
30932
19547
88474
79671
14930
45018
81584
50768
47901
57783
28058
76826
33599
43639
81085
299
27484
93119
89705
4226
8013
97399
11438
45321
13223
72961
36469
25251
92049
81788
46063
97118
2307
55819
82817
44376
4364
52465
43109
1859
53016
75836
76407
5937
39454
41515
71271
77846
18555
48594
5084
41512
21581
2804
15433
90876
65337
77883
50228
1440
23672
81118
52032
26133
47213
64436
77831
82360
87462
506
22062
44690
99112
3584
34130
73005
30374
90750
19860
84023
90345
36402
82171
51816
33950
35787
52212
12960
63943
89659
23919
28421
34019
30035
27469
45836
59476
20534
72311
56348
222
76923
4247
76316
96313
62927
92649
54592
40153
88146
55406
35364
49929
44750
60070
60883
80895
91455
77497
99404
19314
26679
9456
63097
37785
13851
40515
59552
8669
92664
88196
35020
661
19069
16261
48122
56843
95259
66769
87673
33717
55249
60688
23897
74420
33597
40260
34707
29948
30691
78181
59553
26919
32518
92895
22886
43371
55014
88201
61271
83522
16334
42061
29777
55655
14669
77130
10683
27933
61334
2533
31663
2489
3497
96067
40078
66142
32396
81447
70539
69626
56205
76400
64642
74153
62962
91420
45496
17039
76321
4456
39570
84250
1901
991
3084
8577
13852
97364
33469
71187
40360
86677
26466
78732
86723
30693
21559
35498
59874
52136
51042
8232
24655
49337
26711
39983
23786
63944
26645
76409
28644
38725
58369
49161
15941
19495
26753
33311
66264
47627
43563
46527
20286
63506
27893
4645
42849
20816
39957
78587
96173
59610
61272
21339
52991
58082
77324
69136
52315
76125
31121
72116
11693
5070
10948
93977
96464
72423
63664
47668
6733
62340
1142
68698
32138
24347
5691
64775
95810
80607
34886
42304
50802
7670
55113
6056
44864
72377
52629
86491
32058
77289
2851
78021
88433
46070
87245
90269
63573
61032
99409
82520
75739
38754
677
94985
46110
2757
72142
37949
77246
3377
90015
29510
11576
15205
4610
20151
63737
34010
68219
31683
99099
91120
35144
60175
8041
75450
63377
46158
49481
28973
12334
69247
74260
29606
92865
44670
59839
29788
70494
99883
48630
56709
79422
92732
19765
959
99871
67375
33963
77736
66179
68868
12870
92682
84776
20003
7356
99294
56427
35830
2631
69366
63551
53842
35761
50746
75792
34790
32619
5573
13247
47333
72493
55668
6127
19918
10709
44144
73084
63042
68047
45455
64514
24181
14721
93133
15705
24659
6120
45682
68269
39523
37734
67736
86507
27060
12658
34255
28150
4962
39163
40368
75611
79911
58759
1828
12736
68516
79545
65716
37668
90541
96767
81374
21144
3987
77993
25034
54544
92729
87244
53145
77038
12894
29780
10048
23683
84603
88480
20277
33576
29117
20607
11222
37632
29926
78560
90731
79652
89131
68781
30117
48063
33190
35003
14931
15333
88327
2930
70493
83322
11240
15095
2755
56559
12842
41441
99415
52538
95310
63359
77889
20092
28280
16624
23719
84121
52079
76967
50690
62341
81591
75903
86177
48333
76907
47535
53213
76605
89675
62911
31411
24901
24132
48211
17674
73313
54473
79711
91501
88278
43379
93661
9895
94197
70142
55254
26957
91112
90262
5601
76927
90191
82473
86045
66348
35599
94455
19322
58891
41966
78746
60973
47295
79149
6684
45055
84985
35626
73511
77606
47993
29748
14563
25034
32722
9303
77798
43786
21571
20979
83089
95051
9900
5527
18449
10361
94438
64050
93558
73967
65679
92632
65509
11184
18132
85871
57236
81721
18951
97958
47932
44235
82928
45045
25759
33692
54371
84025
4974
7598
6099
1610
30506
92617
28391
4404
88244
74847
82753
81244
94299
95694
32565
67560
49562
56714
32106
38872
70348
37809
99573
51172
95894
28980
94163
25287
98529
47477
92986
35058
2338
80742
51470
3760
63874
97351
55874
86723
30535
39971
83407
43849
74470
64418
70502
20376
67827
80182
24663
40361
89613
71410
12121
56377
1626
9563
21566
91776
90979
94988
75090
29872
13433
72854
12819
55438
24445
49675
31281
82746
35130
19231
9410
58774
51982
84159
11532
70663
47182
47641
98674
91096
70005
46206
66046
99203
64411
94107
50642
62352
27662
19326
14550
48247
12496
4251
15838
11851
36052
79373
35517
90249
20097
23049
21922
35188
5267
98304
64647
27576
40779
31962
29756
83368
79012
70499
93670
89484
9315
60454
23715
10885
10266
81940
7039
90457
82516
58305
92044
49633
35713
43290
5185
92239
20532
13284
7598
1188
30362
13263
17238
49071
76039
31422
96227
91581
56061
74800
10435
10034
21272
31005
85110
62110
23336
38746
79988
77264
58626
97094
68107
80527
86277
78407
14264
715
80605
25045
72612
64391
5575
82103
48881
66006
41394
97247
9162
97065
84137
66132
95392
17244
33637
17351
73209
55673
79520
37582
74920
76084
71588
36331
9649
51962
49978
19492
38353
93214
58125
13630
46235
30865
80727
84151
97224
13934
63030
1074
82763
16408
92114
26446
92721
97571
77014
58019
3681
42329
95262
51012
52500
66408
31226
17334
99036
85814
3913
70537
18146
48491
25905
68059
39938
30493
84502
6980
28856
23535
500
25973
81227
80127
96268
94354
61337
49579
73927
98799
51772
50278
58886
95783
49259
86573
87867
5278
72936
75656
74547
61982
74738
20920
70520
15035
385
51672
36218
51519
90822
20396
31196
93538
17202
23883
84532
19634
80695
25113
99293
95364
14920
29478
61286
50198
52151
33952
39447
40931
31455
18433
76818
51046
43824
71710
97592
94784
79961
17871
47483
65617
86506
12574
35148
57565
15454
68377
89186
10789
91379
21290
76121
51777
47033
51322
2219
92636
76789
11051
16396
39408
26801
30006
90041
62997
76336
33704
62913
99490
70474
99439
28138
57352
10131
45770
85002
59123
56473
13751
40780
64987
90776
6794
25430
53348
31837
86565
77146
50803
92402
50863
36511
19872
64181
43522
93302
31437
78575
29123
92376
55516
80143
18207
45911
58957
47006
73383
29970
54430
40353
71691
70935
92888
32174
16463
72601
80834
32629
26343
73061
8883
99018
54646
55740
59948
73293
69524
64637
93890
80974
97455
27471
9039
38283
1930
67565
99817
1301
65115
26339
52733
86326
79559
21173
77273
50100
46388
45522
31106
19345
34260
21345
5559
24437
57143
69061
69637
65379
94388
44398
11088
80140
73905
77249
70840
75398
25240
99744
75918
24192
59387
81525
85045
10770
31535
80681
28421
64828
97657
525
9682
48644
20695
99163
8726
73470
59546
81937
15148
74729
84382
35042
75153
47336
41838
22223
24038
79318
49014
23063
91677
53465
36758
65401
85163
2140
4394
80217
58515
88273
35540
4632
61136
48688
16767
71299
12907
44072
38299
28422
43487
8886
90928
25161
77141
90237
1987
89652
71297
41122
76919
18399
22126
54818
28963
69230
79031
33137
61940
87891
72896
42517
94092
142
4884
25773
30942
1014
57582
69702
87188
82291
4629
19871
40454
64614
52674
46066
94739
19974
56400
68732
77855
4579
69249
12673
73405
10985
84573
4961
6888
93831
22575
83430
68681
2744
15207
54715
35771
26217
79645
7779
31520
3610
57276
61706
33300
92098
70962
79283
10571
41212
71414
46697
19900
50503
76900
62488
86169
53256
61054
29799
57857
26242
83044
72820
44849
38203
75755
51179
78847
88719
78354
29609
42678
95189
57080
89868
82358
4439
53020
79153
54953
15485
41378
875
41226
48247
33868
77684
75338
49988
21553
12299
41696
79335
40799
25574
19213
81244
73909
70352
31928
53184
62950
3995
26212
62508
60353
48996
94693
60022
14021
66304
20122
73875
61955
67718
54766
84426
7037
62516
78587
9066
15957
74171
8659
31891
17320
23108
67536
98309
29989
75010
76233
75315
61745
42243
30494
20895
41181
78904
64245
47138
22065
73123
4217
98489
67927
13709
4362
87969
10933
93379
13449
29385
25414
28357
37569
50152
33830
59243
76554
28850
31441
58215
77201
1786
86013
59040
34024
77612
27552
64198
90870
39644
21810
81804
48943
86276
89261
13588
38602
8404
16086
98299
90461
18966
23657
71233
86064
13434
50443
88609
16191
4507
6630
72315
5965
61322
6195
11280
2443
35178
96567
88384
41074
24711
4850
2786
30207
69383
85005
85305
58079
16577
31631
22006
25439
48105
12124
8403
47699
37930
66203
86157
68622
64339
86420
11528
46621
47417
24400
50686
61626
35763
55202
58920
27464
16287
72330
10631
86933
54698
79802
29267
56005
82078
59950
38416
31715
82068
44083
86860
11892
96078
83632
19035
70474
97365
61014
56984
90236
67907
66485
70083
82538
72111
71737
45473
75573
98344
40137
50962
57853
81248
55273
18014
11428
55241
25420
59819
83187
83106
30064
97349
9844
24001
49866
45721
76503
85464
68752
14734
64951
38643
27118
20943
86019
80430
94077
14477
8270
53553
99975
99508
93617
4032
95190
34369
43186
88027
33770
48379
70669
68156
25780
93428
30869
83486
50519
14569
65525
62596
23832
63295
95344
98593
42807
50665
72886
53549
49150
67295
68493
57349
98239
67208
11272
97602
86516
29695
46734
27996
6343
31345
83899
34261
51861
55392
378
21703
31236
1376
92076
16876
11329
87630
4477
930
43223
35457
64864
95524
78596
15207
82603
93416
15722
43773
85057
71350
96112
78508
45824
33453
19875
75484
94281
71935
66039
90275
20109
12806
16018
45493
80042
84969
95144
71673
27205
93759
83017
11607
91146
55719
22792
57694
25415
13232
26891
99123
24569
17921
3482
24334
28616
68191
17235
9492
66806
21086
4765
29573
94844
31667
14681
66206
39210
82662
90802
57277
69900
13569
68093
96647
22122
48191
94285
51090
17624
44694
27988
77417
49644
33941
31436
90533
91965
35042
65362
4112
10246
64404
63861
68461
35470
22288
89452
79173
66054
53126
62450
68136
71767
88224
6478
49122
50538
40356
4639
99822
70969
30127
39017
65270
46464
73553
27748
72887
87321
4837
39843
97165
14912
1877
10258
80355
69964
34585
12366
40605
25086
98723
15401
30645
54861
33610
25029
47394
63336
51290
32124
41233
98352
55981
95456
56280
4142
61572
73353
93150
68791
44921
58129
99709
90336
12630
28086
8316
75480
48078
89286
34498
10077
5817
14105
77326
56743
39791
671
73291
98443
23050
89624
24778
53511
4392
86760
11810
37436
56729
68866
15122
94442
82007
55326
26562
14923
10916
99293
51751
48969
48120
91170
76518
83618
91646
53696
74904
35910
38859
16530
24637
74914
43117
53830
91996
46380
21931
65557
20610
49897
56004
54572
69121
66950
78268
64952
45182
33002
25335
30782
78118
24166
67946
95679
14382
69670
53378
83247
1367
73111
11720
12286
53540
13336
73849
50355
28459
5449
3035
4223
61987
21791
20551
88161
59079
21087
75465
17329
67936
62955
95193
55236
54097
13060
49873
59302
85994
63242
62800
96362
43257
49969
4664
992
98123
61298
52071
68705
36990
70425
38691
48275
3144
78922
94928
98818
77663
95358
68898
93919
98843
39119
25772
24334
62569
54729
3956
45003
5379
84625
262
10620
4242
63039
46845
56649
44712
82994
59091
52017
73239
92674
68305
30770
18265
37790
29484
86471
64505
70886
52434
27315
32942
9268
19511
87933
29600
47902
69106
46589
98297
44647
63872
64076
97472
52751
3019
29038
68119
65246
50524
71305
4566
51285
7274
99202
72362
76562
61755
81367
58100
61954
76239
10237
51016
62298
39408
12807
15233
28271
16976
88650
51150
12912
82839
74208
74885
59798
67411
20283
20971
18925
52786
21653
41369
40006
96411
86074
45265
46853
16071
72761
53840
68783
32522
349
52874
56871
77848
77143
80777
36563
28343
85106
27218
27714
67400
24938
25866
88855
24734
72999
65025
78701
42764
35923
78887
78072
45340
55171
17132
11835
70423
64685
15216
27569
39233
60521
33943
24635
38541
54716
44596
25358
17735
25504
18442
35074
54993
53046
13464
2569
73462
7417
85084
41546
59878
85877
32550
53553
81729
42892
23685
44265
46588
20131
9254
3976
6059
91348
11977
1658
63709
86683
16370
70736
99067
69680
68398
17294
88974
32580
99363
73009
41489
15080
6040
422
40748
8274
73708
84005
31367
71461
55250
82048
23511
35942
69455
9780
65610
92338
39861
53392
4940
27932
51901
20802
58856
83525
46515
53702
39607
55795
18351
49339
42429
86681
35271
95491
45337
32649
31836
15199
89751
8611
25066
49232
42652
31136
66456
34537
73509
62119
58500
42180
96411
7088
95530
33239
1374
78313
26967
93851
24685
70104
3745
8786
11036
19204
31786
56945
53402
35697
5779
60021
35223
51989
49928
79742
73670
78318
67862
65144
1788
40991
28972
1827
54229
398
7803
69415
92332
50658
81862
85028
15699
9292
69167
57322
33123
48075
37341
58109
27118
37731
28453
92907
16730
18497
26757
274
67252
99866
30186
75259
94259
52006
31413
11869
37108
84179
96011
53545
74344
2276
18676
76749
52153
67997
52513
16789
29665
33237
22161
58373
34143
81482
89154
27170
72119
539
72036
46635
92464
46394
79832
63654
65958
88505
3405
52533
66457
31427
75424
3272
24487
24830
9113
1029
89651
47474
19238
22668
16873
79978
99726
96322
65443
31114
7332
27743
82194
87609
74349
166
82893
58178
23818
67176
22634
95918
55298
17818
78519
89436
36101
75983
93505
19462
69574
87518
30102
37985
88514
79561
41775
84804
12725
58142
46072
16591
32876
88198
67275
85045
14938
5964
36560
72615
31654
42016
24130
69895
2008
38866
68590
27254
19373
23006
98378
72711
33407
65196
32731
19001
23829
11958
1545
50351
92313
35073
15721
16290
30510
10909
760
35415
29866
37838
58681
85544
36454
76471
52670
62231
61817
88582
86537
25547
18559
2790
55638
65493
16247
26467
48843
46676
25041
25928
57753
39481
93407
4951
48220
96713
46605
93484
63028
62503
72100
27910
96876
64867
59573
1881
29559
43936
42294
95140
88061
12213
59801
22050
83509
53256
80066
50593
14597
35979
95725
84583
35618
45540
35210
92729
78469
93453
28471
55811
68659
82530
47754
73087
41643
1930
30133
5848
20539
40243
77291
95889
48340
10505
69555
90299
92591
12030
97771
83840
71274
8989
61821
27530
54926
88117
48313
13822
14318
48373
74126
23825
54698
56433
75270
35500
93865
4304
29308
85753
5754
14799
16560
4585
37373
13949
61588
45044
562
65040
94948
14937
28687
27727
30220
88236
16964
60656
44007
5660
68490
90294
13798
19786
6248
65885
39372
25320
15551
82115
81747
73144
36512
5890
4627
43002
63526
23518
15370
34475
63461
3691
33110
81453
25840
25148
12793
11155
23097
46023
63648
9099
86968
55301
66742
4107
3816
4539
29213
73832
15708
43521
66115
85161
85460
17080
48659
23964
65439
73712
46680
636
76683
40043
67456
16386
86760
40329
30306
91976
8681
36483
28116
35506
4575
3564
753
63708
15079
54106
79248
66878
3379
414
2389
22870
65272
76195
89811
56976
41128
5502
61462
22174
16455
57358
10257
27213
71944
50470
44080
12850
19310
18416
62542
29301
32827
30841
14857
19477
75426
31725
60668
78836
56292
65811
32728
40450
52996
37114
13478
25478
65207
39288
45703
44589
11665
8211
17711
10567
85045
7014
63258
26254
48785
44352
72489
65398
75030
3929
91406
17911
16461
87915
95973
42601
53546
19843
8922
7949
32204
42399
35933
71319
64515
53046
71664
85229
83118
87550
28146
1880
14041
24208
15194
44726
3540
69390
92540
51767
43621
6958
24976
8657
28285
71517
67565
94425
6064
13319
42462
43775
22523
33101
80661
77968
58825
10755
23108
28895
73177
5172
50059
34636
35393
84586
19857
19881
29176
47982
11676
68768
51625
66687
97668
92156
27579
74932
34232
29520
60676
70676
46422
93880
7947
68447
23918
99125
39852
45900
35170
63573
65716
87585
14571
58447
40767
42524
96566
67767
45641
73586
14169
68188
64951
64722
34000
7192
50967
19539
86505
39615
88265
49558
53074
18521
95895
6296
81611
62445
53377
79079
48910
19256
53547
52353
17874
21693
23494
17871
818
49593
17322
66224
30583
55420
29281
11520
31370
4859
76148
91788
53376
89671
51689
64946
44667
5404
13352
79670
56965
54107
83693
81810
52260
20878
11114
59823
529
60973
38916
77543
77791
8160
4991
21928
79751
42879
22409
47838
48867
50929
39865
17137
9648
62804
88464
94105
80239
97595
55770
68738
62032
90745
35028
42699
66579
3187
3482
49928
21023
81162
20255
95524
7619
51995
63428
16177
40744
95828
86435
7854
56603
94470
97802
42847
59199
10336
86660
91203
39223
86189
90728
30724
82048
66643
94257
32613
71398
9652
25433
76178
93604
62834
57385
15341
60288
21938
19849
48224
97782
41468
32221
6042
39882
76342
79633
60588
4218
88744
91648
51202
9418
68945
57269
48006
37189
56992
72319
26539
38091
50466
28097
70020
49375
91498
79161
37691
14665
17980
28771
4188
28790
14427
79620
35158
27467
11410
63245
11504
32827
32438
46849
22083
68237
80951
6853
31857
23644
19166
90253
74001
39465
33655
99975
69346
79838
11423
30021
99383
97441
81374
66443
67310
99234
99356
94266
47248
53766
94680
92572
38169
22460
30639
63856
81551
29174
26749
85273
60401
64184
22054
1986
33981
45624
19765
52716
97651
67885
15820
74529
17321
66971
54584
55599
27901
15555
70822
23655
43369
53971
5492
83485
43303
17249
60635
9603
34015
40770
97098
32441
22029
67213
95191
7043
49880
60132
71031
63794
1873
21801
90507
12309
51539
47741
47561
21916
27326
1928
7838
14358
7071
66221
91631
83564
76929
44676
67578
56021
48554
8500
74580
20916
35740
13713
44661
35767
69584
71910
7035
99325
44265
90944
6616
1009
35622
14661
9175
12012
45574
26834
4150
99919
5281
70992
21033
22245
93507
51028
9046
52295
72360
70062
49096
24729
64090
55281
82005
6175
72215
80647
49794
39435
94572
57361
51241
67762
8633
25390
77481
14143
56757
84353
33534
96479
24551
61387
6024
34169
1137
2224
23748
84201
48431
64308
12545
55562
17865
68856
41552
26548
54466
51036
1567
31709
88685
37286
47795
69552
99983
43243
22934
45912
80240
58431
77255
56699
77441
43144
50201
89267
20915
73407
83078
20835
55461
66053
68536
98593
89707
29104
2778
27414
39109
18888
51764
69565
25459
8911
55024
90505
67984
17261
97542
17845
70429
23823
8699
345
46528
64534
24205
57080
64555
15939
55965
24050
81695
11115
6319
28558
77324
41383
16261
62300
94578
76053
26609
67543
28874
73076
80243
6658
78588
64471
63590
15573
28761
52429
59887
64908
42852
695
46555
89454
44577
70586
51407
70340
46243
66826
78574
26914
9280
65139
2331
66022
81341
30551
43771
5759
83878
70122
38519
22991
15830
46159
78003
3334
83178
7077
6785
28199
67985
20486
64170
91247
32624
91417
56608
66366
22669
87546
26242
41355
55395
87284
74095
26712
93822
46061
54667
77220
68612
52540
68469
46203
21248
33260
89879
74397
23278
43969
59481
14306
56226
57092
58003
58323
75354
85590
51415
48351
97137
45209
44910
2740
74061
56702
44904
21165
13251
47090
59200
44054
81449
82512
63559
10047
30838
72649
41767
42820
769
1488
41746
12345
35928
32148
168
78713
86329
66003
11725
10496
55066
37672
30994
44658
4358
48278
29372
53092
52510
22212
82728
28613
93989
14986
4610
66708
75947
42650
12501
91276
27259
93313
93757
90688
50096
87989
47134
93274
50469
21869
81526
37814
88615
57994
26184
71510
25504
72308
6089
30196
84814
10022
34278
65298
6265
71028
70895
81956
16158
1352
4449
96127
74461
35631
22850
86847
99332
30401
40852
50202
58081
46004
69266
59359
77888
3689
88831
27101
79430
41967
48133
55179
70866
29014
89467
76846
64959
57535
47552
52118
48070
94175
66851
68179
49839
63575
51210
12969
60339
85645
82681
26561
33770
69154
62300
24363
88162
57451
42507
16974
92256
52135
27492
50975
77672
42680
87488
88360
89301
11735
18438
87513
98986
49078
79729
64227
6418
74578
95761
80129
6959
10362
52199
99180
82668
55047
13170
74897
9967
69051
21207
7395
93081
90492
33864
48350
21160
76332
56912
10756
54706
67643
9362
77070
48008
57637
88145
19644
3682
45623
79727
73868
74988
33643
95382
84513
11508
75604
99513
82771
19878
22815
76734
20500
55786
78927
1004
9648
94275
74230
15797
29064
29309
95648
40334
82539
69702
95755
97345
91271
7662
36071
90739
2500
43137
8086
22605
23348
69595
91725
7201
66091
72533
81602
50096
87981
60429
68725
1633
58648
69661
55092
34108
93941
99240
81424
32541
22007
3536
65661
22566
22480
54182
78810
50053
15155
66927
36005
21896
89227
78528
97605
80954
57193
87920
61161
89942
41020
14593
9112
45312
75061
71361
62492
70227
96746
40847
94566
93701
25303
70104
71732
36822
48173
89734
72805
63024
8357
91958
30090
85822
35117
89867
75319
19779
7161
18866
32177
32127
69135
9056
73819
20790
57080
78988
39917
52610
99456
58059
63045
50416
15815
15926
77762
56996
37153
46817
93200
82774
62317
72454
31323
25541
76921
49288
53809
19097
46638
92825
63530
49881
5512
82066
44772
83078
79712
45910
76207
56899
33784
26124
44397
19852
70007
60392
31818
35138
56708
62203
26055
49953
53433
22153
51135
83318
64460
65481
39391
51708
26953
77712
41716
84893
17650
33498
98720
50294
32759
90486
6420
74916
67510
26758
99700
98131
3640
3548
98473
77797
70973
95438
85436
50821
36201
58838
84155
15366
67705
33819
61515
76175
52289
541
62718
13104
83181
25254
72286
42631
11757
42693
70794
19976
78306
14067
66282
18836
21363
54038
22740
32727
96194
29307
16058
35077
27948
83481
13338
27846
24884
52922
72036
59936
40762
56634
64288
10331
62922
93662
11815
62971
53186
70870
21262
61065
79580
88002
19672
76749
3267
93429
76687
51038
34496
11428
29170
97881
65439
53083
68437
84213
30421
28245
49112
8801
95597
59662
48260
36210
44408
98598
3538
16617
46181
72254
47062
30970
73169
61375
5845
86968
80818
63598
10395
51009
5281
92979
96349
43775
40004
25657
61021
78539
20207
31185
98320
88060
43010
95919
50183
61455
1438
26166
46604
18997
7723
15737
68237
12106
53158
14753
54411
17976
22171
94649
58466
92529
66201
47255
28853
68830
33520
51109
52794
746
81178
45927
86438
81321
1308
64471
54861
61151
34950
11536
46812
19629
50703
39905
50430
82834
39944
92929
65917
76041
95729
47543
45076
3017
45122
12578
49784
95119
44386
83595
13452
7316
61810
72530
91786
79524
56705
40447
90213
42059
45688
52596
27934
80088
95296
49260
42956
11087
85105
35385
10435
66921
34097
7467
14165
29871
8072
15214
65941
17815
20843
56791
532
8557
53177
94560
39289
11065
80024
12266
37001
532
29898
36329
18486
54142
75675
1789
93833
29864
81825
41439
27776
98773
15194
56830
57798
49816
32485
53774
20261
19392
70596
66131
63410
82877
75692
50488
19584
16318
50184
43813
16583
68489
36994
48914
65293
82627
5320
77548
56307
37929
17841
10298
46508
41614
41418
26124
21778
72976
87212
24477
30162
99825
85786
161
84056
10284
90531
15758
85249
40222
21442
18773
23908
67810
40836
94610
33467
49427
1051
89001
81631
56415
89717
82749
10633
37839
16892
21676
8190
59118
76202
68773
71299
28471
58336
22179
81047
82947
26288
73931
72381
88621
71498
53105
77309
63738
14320
64976
73251
97733
80120
49111
8986
9572
79880
45478
34584
55198
14773
35184
11984
4740
22915
13124
67783
85242
28207
38938
26314
38697
36955
66978
46316
47534
64744
74727
77093
29285
53362
75606
35844
96456
62114
7979
19553
16153
31873
29288
5754
40543
29194
96065
77237
8351
11872
6449
69239
26164
61876
34076
99730
91811
67974
76659
31926
80541
93853
36808
51558
52449
68
27413
96289
42140
76308
83914
97785
96781
90782
66590
71915
3355
56689
70904
42013
15240
70994
57237
53614
2899
13106
72662
7197
10817
23550
52455
85169
51983
51934
91463
72446
94977
54043
29555
58881
70059
55589
29584
72763
62526
26513
5150
37046
5821
59784
59523
3916
16286
16555
62639
76437
95849
76302
82506
45779
95892
41296
18498
26738
30877
74641
53517
50271
14023
74024
55741
38672
28226
54303
3332
98589
50586
13197
68935
72376
39609
86153
71986
36551
51641
3078
20628
93361
77093
40127
69876
64548
8062
93944
34713
47478
9139
38800
95644
74265
58647
21892
4884
11202
65557
7421
86908
94066
39606
29636
25436
86196
70337
6252
66165
48499
47937
94837
98954
19744
24223
47444
56721
98706
83887
72826
81441
98866
68308
10964
4274
55603
35517
8626
24171
29936
88550
41566
41721
15324
28416
17236
24282
30301
22331
79951
51183
73674
49391
9877
38879
30502
1843
37023
42837
85995
44953
7749
74591
34970
25704
7818
64036
50155
34561
60385
99344
93102
30511
18676
25300
23482
81734
23525
89679
90971
3360
11093
35133
74928
56228
92049
32282
44420
23301
16698
87577
5712
61316
27271
84559
8669
10375
68916
40127
84543
65547
49892
50428
29880
75715
33947
78885
32011
58002
20641
60288
45249
47806
99732
97884
1189
96336
5421
7634
32530
68712
77831
38505
48794
82094
19671
44120
7695
22357
80802
4450
75437
21028
94239
4428
48099
88402
82529
6027
84413
6862
9791
64377
37875
77792
96425
67441
25729
25499
56425
17064
79993
25133
76494
44057
45733
75574
87652
12887
3891
83156
7665
48740
17914
61756
96465
7057
10152
4294
1530
42294
48248
65250
8804
90435
17750
29558
87330
10135
68846
86371
23566
80733
99287
69610
12991
54436
52995
98820
58042
95342
90576
97170
3019
9575
84644
75743
55834
5714
60673
19970
71495
91380
65846
13291
76950
6510
32876
98751
69467
66654
24960
45572
14542
56673
406
39784
12014
67711
44098
98207
88261
19350
45628
79226
39906
73264
53687
91666
79926
6461
26425
43480
82501
75746
90048
46478
1669
22727
22007
4267
9004
69689
98097
18797
62
36820
43020
98704
73523
80714
60799
92807
57406
52289
23887
71442
55264
27291
29305
63739
71215
18819
39558
75611
65428
71731
11702
84063
4314
29199
33246
56598
99959
7554
19464
7310
23528
64077
53305
41507
64225
20335
28753
87576
72710
45569
98543
65891
77415
89863
89213
57901
10260
62343
71769
89463
63996
58239
20834
73419
91998
99649
49218
31485
81624
5106
63262
91523
80420
13872
66760
26076
49022
50868
96857
13802
67513
6833
97460
23976
65768
32149
94541
6451
37187
31641
49261
53840
20413
71701
17048
41990
96889
37174
62128
81729
57379
99570
87535
73028
85334
90000
6416
42438
1778
72117
93739
69611
34913
64076
78125
36080
49576
54907
71940
58268
77752
64872
28810
20678
99231
61932
38194
82688
58750
35617
59449
80708
74324
36193
78302
79741
54819
66176
4792
64446
14161
67581
96101
98242
59499
64952
68528
58079
51142
74892
82169
15619
96530
2741
11247
74487
98830
93025
82649
90892
13551
20122
16395
47194
41081
61715
18616
13054
7839
40352
31811
49960
56930
83612
51263
20274
88239
22136
9845
48205
62277
82177
33295
59146
97162
52106
70540
31443
65731
75021
76089
3716
19913
97374
53912
99743
82657
39315
5177
32778
21230
96708
16821
36561
59737
35618
46275
76401
27610
5155
36641
31188
55330
12075
58512
57642
8173
30463
82386
75050
6058
25505
59915
99184
56766
13005
43242
54328
65461
46306
67795
69353
9864
97119
99024
2854
36370
38381
27059
25824
82934
48381
31501
95165
91279
41402
75374
43213
11508
3738
11370
97088
50997
89203
20913
81028
43793
26131
32919
3841
32319
41297
51966
85820
9616
48211
26045
4567
75170
67770
8274
73758
54417
73881
55073
65516
45752
36396
85866
80725
93877
40688
22492
36969
98835
27289
64605
68420
4921
44676
6176
21043
90850
38246
47407
86923
25484
82040
93481
83361
65685
94563
16220
13624
41237
65780
22272
14863
14419
13632
61476
67775
61770
58269
48498
16201
5691
98501
66570
82136
77726
19923
11470
64279
95550
67166
68850
44909
48755
31036
77162
47864
21603
30773
66931
64681
39425
85652
41965
18822
93339
36893
66779
64514
71766
63939
99039
16291
31187
96726
31940
73977
31455
5228
71496
38076
75523
83345
46571
86292
72201
69415
56578
83709
81
99173
85825
26569
72675
89545
83312
80240
2852
91091
42830
48656
27948
51745
2220
41722
2042
3942
93625
7529
43668
99793
96482
82485
16444
62359
1197
39663
41158
33886
81134
86206
72044
29534
61971
14642
63452
44777
76161
95000
66529
23492
59510
68060
3306
6809
80006
9040
82027
9720
207
7126
9511
30818
3418
8344
77069
11046
26823
30823
86764
48668
12721
67899
25390
83058
8745
59427
26125
56401
27667
79734
47092
6400
92030
27763
65411
40109
42707
1066
37157
5078
41190
56338
33564
40707
24425
9240
44212
96301
61505
53500
82383
54818
4505
1292
56576
88489
67815
67156
93679
61899
96210
27203
18283
83929
82623
98085
67642
52483
72922
81766
47086
74145
55466
41898
40388
24109
12772
35301
10643
9204
68575
9960
62767
26036
32906
84253
75522
31065
39352
69902
70040
64051
94270
56904
87511
91555
27781
5912
60152
77713
36982
20686
57414
81157
79548
52403
69978
76341
31386
98845
18994
72847
33114
13219
10378
21319
80508
25644
53691
52378
5701
93127
77427
81348
71750
58734
38009
876
5379
28804
57734
76050
43182
20953
9152
30681
97942
92748
20563
51012
43621
750
26226
25605
71516
82129
73109
43622
88211
5933
12391
99940
30418
99865
34235
61325
29448
47281
95235
21812
56037
65074
30690
5268
8949
6348
16673
13513
60769
63523
35730
39358
65164
30831
54996
9814
73753
48337
88918
99736
49567
59061
1427
67160
64756
78047
25023
92994
2574
91804
28226
72938
13465
26242
463
17773
19421
52896
40211
79863
70212
84013
71596
68208
38920
21875
62074
30657
131
1125
39304
14007
6051
23385
33963
43783
94365
63860
54402
15318
51813
89883
38531
92123
22169
95119
27240
17993
27861
31829
61488
10597
80307
31677
5400
52224
73610
30122
17823
76036
40840
76201
71563
46799
9771
67559
5614
93143
90683
43685
97635
17466
66361
20072
75156
52704
65836
57752
27085
10630
97948
48064
25662
26782
3988
86360
52821
85459
43698
34904
48467
27009
67705
93520
18467
9454
48388
73308
92718
58246
92345
97044
44399
49005
50259
42274
61675
82425
75164
25493
63919
83351
11482
58177
29945
1861
62302
45804
59203
27743
15593
27111
72978
52766
40245
39632
74904
94691
69979
29414
13198
51793
49944
39752
8420
26991
31037
37305
28218
9001
70625
23187
12623
16637
8342
83420
62036
81446
36055
34374
27121
32439
15486
1806
5065
64526
96865
40918
20419
87045
17719
86619
73940
54599
79578
33113
91405
97190
7700
14971
40301
19176
30482
19442
2760
3801
2324
65034
22078
10588
2665
41435
15292
94564
27123
54022
18420
7771
26849
81021
5769
38347
84548
88396
22502
94975
61456
38270
85925
31527
89092
59392
64852
54229
6802
97715
83798
79178
74024
98604
99131
90161
27784
45460
62751
52475
5160
45450
7470
16031
95432
40469
93762
35193
59925
96088
81537
70399
75384
74286
30445
85294
66806
45563
27490
91648
30165
21242
36894
74561
45993
95342
55411
50662
8
36647
74246
20802
24799
74668
70655
83545
1929
99736
51626
52893
49933
47451
93036
60198
30383
39962
89974
25194
17224
17125
29686
77074
97509
28218
32324
43067
37969
82285
63018
499
70114
27382
2955
76832
80421
47740
72785
44927
40547
5524
95373
10735
93357
467
39910
1732
26578
42519
57718
45821
53770
97077
30562
45609
39803
32902
80062
43708
72231
62433
79053
42798
18210
36943
87347
82330
14557
42527
86871
34309
37953
22918
7978
60842
84892
85964
14764
40781
80732
938
68119
98860
37604
42819
17226
44150
98269
77349
86782
63937
52382
16192
92534
77858
26820
3213
10198
43078
17266
26683
2420
97384
3100
42562
78903
24700
22040
15516
72602
6162
41377
73688
2312
4165
35817
72748
9074
76149
16816
56005
81932
46562
98632
31948
13490
34436
60957
61318
39179
20064
2775
64554
55865
93448
86106
2136
38147
58271
68857
90965
83059
50257
18505
6308
11437
80348
23943
81048
83797
59623
43678
36227
95031
96590
79171
21329
95620
4819
67163
76933
89436
1975
65642
84544
89012
48608
31565
78572
21561
29240
46768
38875
54972
78439
49109
38078
22865
63214
28558
17889
55109
30257
39957
99593
76086
21447
97739
63670
14253
428
14980
74838
92595
21601
71346
80229
76502
44564
73759
57026
94929
34595
75275
2493
26827
7276
55816
61892
92701
12268
87561
75052
10965
78676
50738
98150
98861
7807
47900
21086
97252
16616
21434
11966
19298
93794
11704
71069
3149
95374
78937
38008
73851
31177
42858
82440
33438
14431
32219
28376
97875
43610
76463
64017
60118
97254
829
54287
10277
71743
3033
73869
89847
22337
78761
50337
55187
35969
59260
70409
2266
89874
77777
68786
29566
43689
5305
71435
949
47042
54042
3827
19543
98955
8383
52174
75391
92285
41081
47848
86159
67775
1257
48222
90008
37589
37152
88737
80811
98960
39833
67917
81709
41929
76992
80148
85092
58706
85032
55093
4550
59285
67919
96757
14855
97005
54923
75579
93940
26135
21153
84750
59860
85102
62723
8523
62138
38438
76145
44742
11112
93361
3414
10735
25859
59410
96489
74544
39637
34808
50609
82554
26002
49402
99338
30323
59152
79330
14852
30327
64790
40891
16070
2523
51639
74271
35412
21319
97804
2482
83177
95054
36821
29819
43914
95320
40512
82895
63493
86922
73627
58046
44581
73603
16472
75771
83444
42162
50076
62787
52585
16378
2152
35539
9216
23098
32349
71574
20892
70751
10980
30208
26709
1416
94618
63204
82476
77050
60608
72140
10112
79283
26924
48574
20447
77042
42328
15791
17765
2246
45459
51813
98604
37325
43098
58563
6182
91230
76444
30013
82481
70984
244
63700
20995
78141
84479
83818
55621
45244
67158
60446
15669
4813
55791
43176
53002
55394
97418
5520
81580
18186
59850
14003
87451
65554
55999
32939
61691
91837
81876
42517
15006
2221
73562
13507
77181
97798
16015
5906
91466
82764
85191
1578
3058
92416
72514
79369
80697
38487
43047
87801
18100
46658
87511
62559
99779
72903
93253
27715
14623
31168
85229
15870
82200
97295
25458
78430
2311
5216
47432
15769
93141
4000
87251
97569
80601
20570
78641
19792
86923
976
51052
61192
85446
16428
91765
64983
6487
91375
23654
14496
34038
37880
97581
55972
32293
46227
49082
11861
51276
51219
29971
14639
33452
52635
47734
8290
69680
6627
58360
43085
84008
10953
73251
20059
31179
36815
15283
91128
39111
48207
76594
95407
6185
58304
23034
49735
24876
36932
14154
21725
34454
81757
99302
86353
66092
33615
49937
30189
56389
63157
22959
75362
40001
60030
67893
33881
87081
67312
55836
28048
47131
11848
73300
83590
70621
26659
81287
9722
71615
63618
33030
93607
335
10637
4871
34088
5082
15796
48700
80645
23808
7019
4700
10566
4954
30339
31366
85447
96299
70326
20709
6081
14125
33533
93723
4721
42911
82767
9553
44271
54877
95552
87648
11729
67363
56175
99954
60620
6453
63350
432
14491
23686
56169
13579
44830
12377
74379
35543
20280
15337
9525
4622
513
71066
97757
66053
507
63135
69219
93453
59580
20561
29479
11099
37299
88054
19376
26316
97585
58904
53541
67525
72655
55029
97024
69514
23800
56868
31995
40062
77490
51385
17801
56222
20330
51038
95390
88287
20832
17767
43084
87230
1709
29433
53907
94502
44851
91645
66913
55674
65145
48749
43314
63458
45465
51277
45550
42925
49466
3624
65564
25016
78097
12423
43237
85072
91877
37014
42773
78003
4485
97292
49455
88408
86042
40782
88564
52829
50562
73944
99493
73887
35571
87947
14754
95915
5073
59518
61539
25488
55449
82812
49661
50973
71268
72997
28120
26858
40940
63444
11041
25715
79317
55288
63892
2979
63547
30966
7049
5392
49031
12746
7540
66327
5394
89149
1342
72483
70764
22286
21131
53521
21013
26932
57101
26793
17037
75598
60685
6625
68821
20378
94767
81233
75419
2014
54383
16779
26803
21708
45252
73530
20993
42568
71982
36521
69230
25711
22453
66633
73845
27044
81028
80298
83966
33293
83709
93042
1532
88909
49916
4225
32206
70948
38805
55275
58194
14921
9619
15735
73637
6915
19132
42465
46461
96807
33545
29868
61357
78341
27609
96857
26691
33374
64654
47703
63084
8829
89693
33501
51177
49944
36812
60009
20173
24293
13612
50056
61866
13314
19259
22130
59940
85768
45243
98721
29665
32544
72039
90490
72578
40473
87211
98679
80231
14711
34211
1385
48361
97986
26479
77102
70180
45758
44639
81361
71683
38742
15165
56145
301
67313
60031
14635
16122
11891
69476
83664
33259
1575
49685
41067
86791
23032
27201
65761
42318
31203
66023
25928
75984
22805
11477
41467
47239
74585
96857
50568
36499
83881
276
23392
66718
37151
52379
51092
88597
73476
4390
78243
3750
31970
77894
58520
88446
80560
47524
52072
74178
96292
81958
29451
42716
51478
6403
82912
52279
22226
44439
46894
24036
617
44973
18653
50400
90901
26200
98999
22809
92102
59081
55067
52189
31491
89628
40338
5754
74157
7283
16612
20242
39997
68155
9108
39770
56476
67413
6451
41690
92956
50876
92773
93165
92916
63521
73763
25844
42959
77526
23966
72574
79376
4138
7410
67231
44298
20755
82644
78916
73080
67411
33623
64237
7575
48672
74880
30783
87120
59682
81394
20102
7126
5589
17963
21384
77839
38134
36324
95756
77143
55776
44463
47260
6772
444
26724
63724
98073
78193
27496
93217
76213
46457
39743
79595
69765
18268
54758
54831
89528
38543
39325
24915
57736
81403
15860
6644
42263
2950
35556
33325
70145
90969
65728
4764
39330
8246
24768
65193
33109
55628
58132
24898
35701
92489
22994
62730
75035
34529
51842
68811
32591
10523
78135
16212
90599
67209
18411
6733
33756
73559
90042
22409
4356
23012
57493
13559
78805
14396
46368
26320
14384
12609
3765
97680
91600
42580
44043
15827
77257
25863
57089
34577
74804
27642
73672
3477
97606
10623
73164
47998
15553
79309
49304
87821
18278
89110
23266
27749
62884
95992
37891
75642
18724
12504
33869
69629
63202
17056
21194
60328
41260
21906
23652
61019
54751
93700
20577
96478
74707
58661
67227
72159
32158
16050
96199
25334
61252
82978
49399
72005
7241
81268
60158
77562
57579
30889
25780
58763
63137
38295
76762
45612
63853
33982
80843
96208
16681
51945
43876
90884
31945
87631
91584
24240
62940
17779
17862
13370
35473
11080
97149
35555
66809
8142
75755
1624
84824
55231
92519
27970
26075
91119
76483
6688
53679
91236
47451
15339
74975
7062
4517
81154
1482
78063
50125
10892
20799
21224
82815
20030
73041
15040
37632
51140
86758
98140
1764
96966
98730
98566
16517
72382
74646
96902
61611
82638
36096
89839
36663
12665
38322
71616
11534
65667
71820
42217
70331
65822
98500
40588
18234
57261
40537
98082
34340
74561
60452
68056
51669
37854
13318
79844
89304
46442
27676
26336
96154
99535
56096
84336
22302
69179
42191
92253
68515
11185
39477
28546
83249
77975
38888
92495
26642
10085
3899
38426
96256
82059
90049
1887
39788
19207
79186
48244
67748
16082
32853
22451
57735
89982
4733
91264
99627
14548
80057
26940
47132
49807
41850
51637
50513
46498
47115
5515
27076
20495
90940
36136
84645
44742
80288
68800
94849
7285
87108
22883
85957
11552
95796
179
42403
56353
55357
93486
35252
46223
59555
77583
13004
63101
16232
42022
75189
82615
82688
4334
31767
83912
66157
42412
3864
71160
42912
51027
94968
84718
94945
93812
19079
14608
44860
17896
69248
42935
42618
41613
56289
28591
23446
33704
76203
64982
83930
81368
48671
34127
19848
3006
42468
67659
4118
65589
3633
54767
37992
57323
29644
20301
75916
38390
48541
5157
4978
99173
51403
91604
96388
92139
62970
56234
54058
57968
9200
16357
99907
25531
35110
28794
39770
12097
44646
87318
51949
10331
50106
34495
23886
54435
98367
90809
34846
97392
21480
23382
72631
68961
24037
23332
36568
62080
63147
99110
47698
91842
31754
1787
86248
15836
9061
2753
22406
4953
72359
68792
53981
27047
47540
33215
23727
74286
27643
78290
56936
50440
86716
9138
7941
72220
11686
34159
90570
84424
46209
33355
846
12161
17319
79556
60422
41920
15680
44633
286
89649
3303
61338
4122
21768
21509
52447
87206
23273
41299
56750
70876
39000
58807
51157
23730
71303
53206
99232
45983
37298
75854
27761
34291
27506
5478
39651
57682
52596
56453
72958
30543
89075
64317
44761
38604
84634
3790
52751
86889
23253
16520
60150
43183
27423
89837
36586
52067
68367
1823
62458
71294
35511
3801
97613
59081
74891
2363
64409
35180
26363
48346
48325
32521
82880
43128
25456
49211
9314
13435
64275
9336
1474
11405
86318
43375
14387
71690
82450
41315
19527
99157
23244
73097
3409
21685
48685
20924
5123
96335
64398
44526
13383
10320
24094
11023
21819
41580
89331
7774
84352
82501
70065
80489
3702
55596
39536
79940
18721
64011
45505
30935
36003
83198
12601
40833
62928
40172
66941
54600
33186
74468
9178
4025
60376
54531
85699
67202
93723
73358
53597
72586
32451
18748
7343
83424
41980
17138
88307
66671
29834
62886
86308
1849
17729
9906
569
73764
92460
38424
28735
41302
74265
25595
37476
64298
53246
55925
79800
86870
75463
92463
50362
96214
53435
68329
43598
87418
58477
40963
91070
83329
27211
40162
87017
58215
82809
97289
26217
33061
77792
24097
17458
77793
69138
60112
8924
4535
33524
6006
107
84479
72253
35039
68368
23822
67649
3107
12245
96978
34225
65190
66585
50864
6064
67647
66326
13911
55763
47494
29977
46655
9753
73681
10526
60323
52349
62542
30317
8997
81186
68895
96105
9830
28475
10169
74934
13680
11875
14208
77854
83700
69909
53024
32053
32322
23820
91342
19852
51110
44723
61001
78927
52923
63149
1954
25542
30048
83007
53382
17434
86029
13300
19292
36015
76973
69890
79475
14708
46512
67038
50941
46406
72172
44672
92810
576
61624
25599
52100
41014
2551
68877
17406
55355
74932
46109
84353
55910
17950
71122
67649
97846
73457
33104
10511
75227
59710
30276
5512
71001
2966
64022
68253
94554
16914
83105
63028
40104
14347
53961
32519
99022
37342
28024
95909
17101
19098
13890
74051
80115
24057
12803
76735
51893
69712
90808
71293
43797
89495
54462
89188
27608
5494
48966
52377
56827
94007
34219
57186
15000
8372
23430
24431
79939
60429
41842
28361
71737
87389
67079
73781
27261
16093
83369
93787
86046
10373
78368
42561
53983
16894
39356
53056
22669
58154
58136
6959
7618
78597
7340
89648
48979
40941
23768
9265
76229
93289
79586
97754
59811
15879
29287
60832
91871
88071
11961
97369
54378
36585
77376
58910
48210
26380
13425
6577
32177
21093
59307
9247
55299
67897
43660
5294
9273
46709
45480
44109
83800
27748
63558
13299
51825
16202
38470
5309
81537
61563
55112
53741
56878
48982
6460
20444
42412
21279
34618
29726
98298
97204
15584
57205
89908
84469
80837
48481
43687
8065
14961
47869
32733
22776
2949
34663
48871
85197
17926
51767
24116
17690
86762
88156
15659
96274
16198
11249
89508
37626
81549
15554
45136
68024
90230
41541
91480
21599
3225
27234
50550
15869
48255
19434
48957
77776
1146
62235
50266
99087
68676
73749
58744
49257
598
38494
24957
20887
20457
71425
18789
27812
96128
70004
24908
73967
94436
67733
82732
46197
42944
42605
61416
39107
13566
2073
52154
15632
57533
28571
74540
98272
16713
66419
19675
23094
32419
29987
44906
39800
88431
54368
39396
12416
49261
90949
55628
70001
33094
55419
21272
23254
89922
6724
24790
56265
68163
15430
38896
8181
4272
38134
55105
28268
95547
91428
95189
25752
88683
11862
18043
26961
24245
96542
65238
46754
36114
17481
28438
26254
17195
53984
58829
72668
33409
453
89414
27502
75809
82234
21937
93216
48984
9112
95983
2431
40222
85942
69026
58808
143
8159
62813
46858
46821
35442
64962
66094
24709
22558
6005
83454
85608
21127
25992
36103
68774
24218
17552
95984
18518
54934
2029
72300
29267
10352
60729
53353
78682
57911
49215
9202
47600
89616
75166
21844
86471
2603
80847
69590
88235
3109
3647
31346
24314
31132
36291
79839
67702
38284
55457
39236
72182
31585
9062
72675
85146
44316
67764
14918
1091
30488
57058
95221
89535
4293
52748
4655
98199
89821
64499
4551
87084
54565
63314
97920
34221
13553
81277
529
76868
58571
19401
41380
91326
34137
15047
82980
85745
35267
68659
75691
30132
27940
92834
52106
41833
26754
91022
23620
45190
10686
28618
89912
54214
79725
53513
81719
44033
11048
11151
85154
70998
38286
30856
42773
10836
85172
28202
33231
45173
57369
43789
64953
56447
18131
12423
23374
63645
13229
94024
56273
91896
12872
89657
24889
75971
17303
7219
69837
15387
3664
55378
75810
66716
74618
78421
42881
27158
35774
87599
17517
4294
25315
76576
8930
38745
34239
34911
56783
7226
26531
26777
86693
64708
67239
90862
74853
49530
84606
74159
32045
11867
97844
47109
72310
27087
94184
32473
2654
93517
95179
83695
13977
56658
11346
35859
98036
16935
58913
95556
73134
46532
49920
9193
3642
64341
37876
97566
54215
55821
1648
10718
26620
62738
29096
75604
41106
40867
80173
70768
67465
48267
59201
12329
40156
58468
26878
57890
98635
59208
29878
58781
22069
14319
48927
82837
26246
51588
63467
32309
64302
21186
61830
36654
46446
13054
57325
18167
50485
14812
14072
69745
88798
85024
86061
60138
3636
60536
85336
81167
78369
55466
40205
40076
73266
34151
50191
83803
84030
56684
53913
7975
72500
78197
28561
99223
78159
91704
32474
53437
84224
26671
90614
13075
65477
51765
53389
34129
67852
1019
89444
67882
45925
66148
31756
22427
3353
41348
2161
43262
43553
60407
78627
44318
49513
63822
40183
50232
49506
8991
62540
82444
51080
22132
45188
73293
66199
42575
82469
95879
57570
8749
9798
75841
11141
21714
22071
24864
44185
1235
62088
52970
77486
26939
98589
72431
40267
54792
70175
91527
26299
85079
33022
70
44751
43967
83609
58761
25855
83153
11237
43618
26683
69283
45436
45701
40633
98322
22390
79912
7679
89865
27053
25221
67988
81964
68733
17712
72919
61476
19493
80935
80369
18925
6444
48030
54647
69776
43818
16390
10998
31256
68525
86394
39423
93011
98773
15594
3773
97910
51418
14613
14347
72400
51490
11697
73495
14975
24109
17968
46738
63788
9702
98689
16765
54084
49697
47689
27863
3464
33758
2955
19414
89548
94211
18914
53615
73022
26535
81251
67134
80951
65911
23823
13267
98002
93486
96338
18025
13077
99434
84845
7493
51028
48784
63349
25610
55947
14831
73920
75496
40609
23042
97657
76047
25278
20079
85635
49072
62307
5946
89990
56908
77034
27985
61942
42961
11671
68865
66140
91508
61902
29096
24840
90576
96004
24604
99008
33072
29536
97736
29444
5289
47125
95965
15238
86378
66616
61243
34471
81254
11024
58185
50642
91563
92622
55966
48897
66454
23907
10719
10555
78685
69849
7703
86721
88362
46400
6749
56888
30299
80685
82933
47481
44107
82904
43821
41079
86578
4262
17564
60586
36774
19823
33514
84039
53615
42148
15209
30172
80072
31934
65680
84053
83998
59244
74760
13054
78023
28971
98075
82057
70367
18559
79271
92034
35733
16508
78814
34400
80329
3086
76960
54401
48193
29188
57109
57096
41607
2963
84763
81368
32645
58023
90068
62901
40307
81585
85129
22400
74461
30347
31427
95595
17523
66415
51034
87724
32166
74002
41866
26418
17572
93460
87428
16814
25328
60029
31966
34024
19724
11849
72900
31028
44838
39036
8619
24103
3867
21662
54696
79360
35199
36590
54691
5782
94455
72472
50864
54588
4846
81280
59406
8763
44392
12752
11026
66952
94409
9599
5870
17642
61387
77467
40716
53970
34365
40000
49577
12144
22971
30304
55129
97602
1722
4438
41147
27787
33148
5301
85791
911
12394
84999
22473
12845
13449
53535
16881
87532
99003
19460
76829
29369
3121
27765
5560
36968
61511
68097
97378
1292
52604
5222
43267
53039
60831
23473
52258
23599
76025
11980
58437
6804
29235
34353
89199
67386
82635
77474
51549
15726
48872
3951
1698
2044
78575
47708
41088
7975
16063
90089
67405
2080
41573
96533
45542
89264
38981
54472
95110
59562
78425
58879
43280
41218
54121
66834
15917
27157
16404
49256
89687
11391
23225
13707
69012
77049
44717
32237
9003
6086
57737
44298
47530
43111
37963
67276
49233
85253
87802
48589
62361
64669
17955
25711
40234
48955
25642
45640
87653
33893
69194
8355
4809
22959
19418
13005
64021
34816
58459
90102
32819
27744
96969
94165
40085
19395
54920
642
57862
35405
24714
35204
43963
76670
71850
71070
45792
52100
79035
16961
12056
22499
40232
75911
33199
90138
50968
19981
93554
93734
15665
49400
71016
34238
93068
75961
52712
44178
14037
47093
20636
33833
91883
27341
9011
90517
49867
39063
40055
36049
63705
48497
23302
41830
21516
38079
76843
4928
99072
63471
90747
57658
37428
42136
71948
95068
22756
15302
18551
97823
33769
13980
95587
39558
11800
76440
67923
43167
56748
74948
90682
56078
88187
90896
21817
86852
71459
36188
42148
60985
28627
82722
33340
50392
43610
86539
23715
94932
33494
73019
94649
33804
77801
69579
68031
47797
44520
57305
38891
65627
84461
34350
82572
18098
11504
60391
94994
38369
63654
10599
98826
47415
9298
25853
27694
26307
8582
94870
44371
1105
36655
86295
18404
74036
90143
33575
21266
6567
56479
25177
33806
64373
18736
86285
14911
43635
51139
73045
64033
73809
94663
6511
5327
3868
44138
78666
25288
39017
42051
79988
31557
92732
9258
87684
73018
89896
42401
65640
65901
50842
49461
16525
85770
7172
78946
39950
57805
40682
43133
84167
92584
79833
32934
18029
18022
34588
50860
48469
19296
45509
62359
92276
75574
20127
30338
12654
106
45700
94980
98945
1464
6199
40768
49352
24134
12172
82945
67935
4163
1610
12952
93367
78139
62126
42573
7770
36413
46792
37840
73163
74311
21428
12767
81351
36273
95706
26921
82300
58752
70224
49835
36527
90289
73011
52307
89689
97066
59117
6264
56338
31871
49386
24549
274
36674
20526
79113
85498
67046
1469
13419
55410
31996
79869
91771
1098
24656
37133
26010
72505
46949
34512
13904
89890
56965
37831
64520
90427
31044
28606
73938
19191
35256
48867
28160
74391
57767
76199
91569
13104
27310
12314
95202
97959
59405
57649
31941
23282
76790
91442
6552
59064
32331
50163
78873
49305
7661
88813
87389
36132
72114
89937
70971
50063
46909
75148
5817
69337
92051
12569
73932
84500
17914
50795
93331
60787
33339
35690
34757
23375
76538
45975
2965
34615
41465
77640
68856
92947
3312
94104
28990
56191
25234
76572
82879
99207
5006
73891
9299
38184
59405
6254
55177
83644
98836
53171
96674
71177
86738
15104
43419
75397
41605
73563
73896
10118
75368
99901
28834
90686
93379
54172
24699
75148
22039
20250
53162
82751
93718
92860
16556
50593
49962
47782
85145
24665
70727
22591
50491
39824
97214
49913
65643
51718
4017
41053
96873
78838
63912
76959
12497
23144
19049
58272
85518
52826
9701
94148
75210
24286
13078
80652
61320
71542
31977
8221
3023
11703
32140
47346
31738
44844
73234
55858
22414
88622
96530
46220
24648
95688
71445
68434
85930
78257
62675
94571
16423
39312
98134
10567
58955
24688
29258
5477
5960
97023
76423
73987
85343
54841
18145
29159
4498
52149
75079
90790
6230
33497
59248
39252
28782
62017
31435
29739
68911
46759
29066
92673
77488
13376
811
31332
10141
11473
90904
95218
41658
70500
91607
83194
20060
89771
65103
87511
84704
32968
97491
25430
41229
4287
54277
97597
99213
79396
22043
80277
91805
77050
1646
14159
66792
46947
20784
21115
63064
54381
64141
11026
85195
45933
39976
42291
25749
32589
39546
51505
52052
22351
50883
38917
14817
66571
16520
88507
63979
71854
76550
56842
82940
79543
71000
73035
53135
34265
42793
28348
14036
56330
38796
63004
52812
96837
62829
58906
23321
83762
7001
62413
68680
45037
39346
44910
19717
6346
91484
46176
78886
98947
90776
31110
46751
42064
83450
96770
39123
67845
42128
33824
72079
75028
18654
78742
32786
16745
76440
86589
61563
54615
87419
54940
87149
44295
75499
36356
46242
16959
39566
60739
89175
22137
16861
96583
97111
84369
98401
59561
27515
2209
62591
94860
59467
17264
37868
29107
78920
27884
84202
8674
92848
17651
92983
33434
93141
69046
88844
61398
61001
77380
82352
35737
23100
9010
12855
67383
92065
18286
11158
92377
70503
5470
84593
87862
19927
90687
21770
88437
91268
69168
35569
45562
86059
18607
11743
42757
92942
23576
25022
7981
79207
78565
56211
70122
56173
46712
51110
72014
27853
81466
55288
57730
69431
86218
60042
26926
11534
57496
5861
7929
49426
90113
51483
13796
54063
24457
89253
6431
73814
36790
68964
2896
63274
58365
3016
74056
38664
11709
92506
43132
4542
59244
81599
47029
23170
77780
47899
86710
65814
64429
95894
7782
20936
19877
99407
49741
90903
25811
7271
8139
37338
89311
97297
64272
14498
43386
30107
35198
61295
44139
5210
91854
6763
92494
92962
41223
91830
11789
12357
77611
90047
78145
93207
12388
40232
21718
30926
12035
45313
86803
82631
96375
20248
33338
67530
81175
16989
50392
7028
47877
14724
19927
81396
49960
81985
34981
95298
96340
26280
17230
80023
80303
41068
82207
53708
78154
96962
53944
8071
58250
94261
18407
82672
71842
78018
4683
58708
3348
78358
84444
84085
24101
31932
43273
7254
5875
15732
98261
61632
9880
32994
8237
27887
47370
68389
81568
82876
85229
98482
36519
41970
3704
12437
35853
13951
92250
86293
30616
76052
18808
14924
65678
90931
16817
21463
60343
60786
43577
73081
62411
98738
73079
97831
68071
46956
11669
49968
94415
8386
61380
22744
43172
14046
7662
42979
40922
62461
12929
18760
57728
85330
47665
77353
13626
70706
85493
75656
62778
94610
40048
75714
90792
15251
10819
77612
70688
87655
41786
52331
28072
96364
14365
9333
24066
99058
78310
32432
45345
19739
37398
1318
45315
91802
13636
80357
67947
87878
26810
86099
85199
83607
17145
66430
32208
74870
15078
98647
79708
78851
32243
23743
31006
39080
24481
18334
49484
91186
58088
14240
41241
42853
25761
58758
44602
53502
27878
57997
20349
19657
77709
66267
41907
89473
35622
37426
69439
34591
97609
97068
32757
13097
34250
69890
24270
17760
5822
58414
3355
82544
7168
15305
41208
12072
55118
52582
55304
33389
85977
68290
19815
93143
62761
50599
83968
92716
88916
77110
28971
38582
69743
99013
8105
72008
47074
16694
38142
40514
78003
10450
70637
79930
15524
65596
22860
84059
574
67428
56208
78624
84448
77730
55034
34536
77981
22419
93859
27497
55165
25835
49353
11353
28153
99997
50092
3134
23841
23779
59146
39836
22714
26523
26305
54158
55621
64660
91046
77736
24775
623
58527
23348
47746
59445
906
70525
35967
94703
83386
36201
8505
72478
64476
92685
20222
51927
68818
6923
12292
96379
51364
44217
78339
66177
59239
69311
39601
35748
74717
16686
75644
71793
90849
13388
63489
77347
2204
73899
55578
59455
23069
17170
44243
35126
67097
81495
55534
74945
51699
68597
32941
47466
75915
92141
27412
29141
83233
16156
44384
73246
94632
38536
95355
11211
69477
15523
99511
14434
44531
77709
66860
43843
39648
99618
19122
78686
12800
33538
17419
20184
70641
10519
22488
54416
20123
9844
52881
2073
91703
36835
4831
19484
2927
63901
31154
47114
42020
6883
22893
40476
87399
53573
13647
70595
84289
69374
65759
37808
10892
24790
68269
97950
10828
95264
89656
69857
