72825
8297
43627
42107
21034
62937
43862
63164
9776
7192
39163
62409
93843
64393
86635
71371
75168
61262
32625
41604
41916
42768
14262
3244
52202
49982
84218
54817
71426
4718
2878
74684
28833
173
54608
28593
50386
34755
26959
26635
48700
10384
63353
99458
63474
50620
41895
18451
85121
7122
97773
50606
47012
51102
90670
91907
32499
69013
1226
39351
53557
56631
43525
21739
10675
28558
99997
56519
45681
65602
68720
56535
39521
95060
26348
36506
94491
44102
40465
21773
57832
20873
80560
64589
55352
63394
25573
95979
63448
82075
65400
25609
25874
79413
36939
38088
68113
7432
18673
79474
20531
93583
63864
15380
10142
51114
58978
15390
58334
26867
78309
90451
32107
35597
96726
83231
44775
98307
32183
43368
55434
8535
29892
31238
13888
19685
74268
62376
21200
52522
654
23026
56325
36884
37746
55288
64392
81755
21367
62843
48490
42308
51452
803
30471
24089
44665
98215
55781
91940
99157
7426
34269
86521
20527
73247
54602
71372
27833
25779
37265
5763
79825
29283
93173
37298
46681
79737
25924
21203
49658
12837
17649
49967
94858
21058
53331
89219
17316
73580
62825
38994
81049
4480
75163
37382
94200
11203
345
37649
91514
53819
35006
98254
46966
84296
41024
8823
70000
38902
52913
98916
78434
42856
14588
63575
91636
14618
43577
98640
66689
72024
85393
752
32611
24148
91264
52958
9667
90435
82823
57919
17262
85707
39471
89202
85994
1713
67592
36560
40952
27230
9431
42995
21557
70244
57587
30430
40686
83351
69643
54860
12158
56572
43680
48400
46897
87808
54065
47972
20056
28058
36450
2362
2915
68055
10204
29372
70734
24384
45185
92325
53022
62438
91622
85205
21096
67358
52000
25083
5809
22192
73140
26102
76167
49604
90434
40792
81631
39639
8121
33546
73893
4126
26447
78623
54860
40434
7684
42703
58562
58424
9104
52256
43466
22891
66081
8185
52957
97840
18995
48454
94270
32149
33270
18931
16438
68248
63511
42063
76892
36099
11464
16056
32637
85904
5825
61454
43027
1024
72132
55204
4346
5444
49997
57
9695
99529
86767
9677
45142
72118
57092
65273
29522
96187
59285
20611
8385
69335
86694
58396
16836
320
67072
31716
23649
12007
49177
73919
70828
9376
11367
7607
91026
52696
9662
63576
10010
76904
27172
95211
64470
26173
33221
85532
53182
50962
53123
20508
68466
2763
45016
31155
40059
87436
5944
53582
71387
60795
17339
72614
19196
35351
44019
30559
72812
92585
3406
26473
92390
99127
47834
85426
24844
80515
29072
98942
21339
38027
56056
3612
85267
52400
25053
68150
73043
70041
51208
79001
51815
83790
93600
58266
16539
62060
62819
45422
84401
59463
37851
3939
86602
1784
87503
1832
81238
60732
67327
96349
58492
35130
59034
47815
6400
61083
9743
44440
94987
9401
70541
26259
522
32159
22181
92150
97745
69569
74098
72338
15125
64156
79880
10455
10978
20540
4535
53572
34160
95015
99356
95090
37466
9571
32761
52576
80687
93174
62487
52343
47291
60168
73050
66599
46859
16274
42393
98432
69259
66638
27560
31637
84785
80445
87451
22572
1558
64643
36917
39812
74605
20343
1161
86141
65137
5045
36984
73505
83699
48106
22642
15218
69312
48268
60663
93396
32378
23681
65568
75348
40207
21433
39846
43287
26134
57354
53228
54030
18846
51389
81180
51057
41186
69578
9170
21653
87422
75592
43120
47410
1197
56632
86738
44119
17217
80706
45875
74145
79374
53286
13476
39276
16409
90128
17336
28436
89319
26130
13822
37487
44437
73608
75229
8061
8719
77851
51876
53712
69479
6559
31368
23187
22795
43026
73106
82513
31319
16686
97112
97193
98586
20982
84874
90928
96889
23877
95325
59247
40345
15113
72036
80623
59769
40120
59351
79263
56835
13207
7409
18961
46273
8153
8652
46359
52154
10128
76987
28473
21173
82122
13813
6876
65368
52281
21252
31747
75852
79430
96029
93957
45360
16358
43197
43462
48335
36769
70938
23123
3084
5598
70473
95783
98942
24591
53395
97585
30647
57216
8122
53166
55305
93559
84108
54471
68831
1995
75111
98806
31219
70085
52187
40890
85481
45996
89453
51651
88948
42933
99979
4707
45973
86728
54354
16187
23543
13273
65607
68561
19761
59879
14603
70054
65858
54135
78701
25853
16383
54004
13747
46765
42686
2751
19347
88522
12235
27134
95386
37385
93068
85960
40574
21342
41148
72774
16533
73480
23456
63056
15372
97716
68195
64327
9710
48528
46228
38910
87215
33521
12803
92576
35994
81298
19716
98326
27774
40624
8569
60226
352
74969
61094
35589
30696
18480
1732
99899
25028
79588
67780
30260
91390
20015
21598
88096
55290
50425
64530
36071
16995
22042
72064
65740
28755
54943
37089
62406
40224
75185
76100
31690
32562
84187
63870
18231
10400
90276
36319
97262
11831
43741
6275
40241
90862
47666
97635
5820
76095
97788
71622
67531
76403
35846
78236
26643
66318
32236
90711
91516
86040
7664
18994
6392
94995
2599
32400
92115
6321
61768
8375
97332
20561
29737
26149
25385
57311
78793
75060
36573
39626
98301
67338
84228
91236
13036
83314
26001
84071
70537
65296
53646
17400
6682
3655
33188
89416
41280
39010
51574
24486
93525
66182
43582
31018
85978
55966
38109
1847
81590
5888
69200
51255
88693
83592
3196
48352
36416
84905
55177
85168
33125
36852
1080
13686
4635
72485
79373
99189
68789
11434
66232
83374
95761
18839
81005
49993
81780
17980
53060
98741
35050
70868
92363
98015
98026
59980
85935
25572
66213
20736
27491
20432
17424
67930
11403
28723
58442
38555
11147
60311
17297
86618
2882
27322
17019
48991
14591
64714
11702
87650
13930
65497
69012
73254
97825
99400
17937
62707
40119
67214
74370
13514
20566
65194
13288
95936
11778
63369
22059
49528
29582
24301
76806
88715
54524
55977
69120
83915
55334
22131
30209
10956
75329
19115
45939
98775
51040
65031
94076
59060
99799
32524
93960
92310
6655
74917
5927
66662
74922
28426
79094
5518
42012
86140
44274
55400
61047
15833
76344
78501
49955
81085
11760
9394
97209
82042
14271
11702
35092
71205
71174
93177
51699
21820
31608
29980
43722
96737
86170
29883
96228
86832
18562
62702
18490
41279
87015
84544
60351
16483
95259
59714
38708
18449
55606
98492
5986
86501
18775
26094
92652
18164
28306
4736
6008
55605
40662
53019
47937
77402
95315
94140
56195
50461
18530
7274
91801
37352
18774
81199
70748
59497
23021
38683
51155
26801
96392
2961
91483
47323
40839
71918
21343
56054
12064
37511
22527
75697
13513
50774
82500
13644
32971
62922
34758
3589
37681
39306
99436
4084
74777
37945
25848
78332
88146
62545
66467
82840
58282
10271
80342
10870
92980
71971
85585
43476
18498
63350
99770
87356
91377
17888
9814
70401
92145
62361
89124
57086
75931
31191
63804
38053
95786
71604
42856
58178
93244
61969
26639
26881
67877
67105
48765
76064
32257
29133
27983
60384
17175
75170
43173
37250
71512
14762
52674
30833
2219
94072
31092
89331
39491
31692
78038
32579
40094
29570
19730
82929
64920
93414
22623
27598
72720
75718
95429
57581
97201
35374
14139
22997
48058
48593
48732
19193
62935
72604
1555
13799
11592
89397
34875
4696
7476
25833
22336
22113
3394
29215
38813
46006
25279
67610
84689
88068
72536
71876
8375
10079
47167
2852
97349
35707
6902
98674
6533
25668
29922
25930
65535
6350
63992
57100
31731
37025
60968
904
90300
4999
39292
68048
86262
12632
56854
22279
18145
46282
42809
77682
62126
78308
19932
78574
25621
55911
54408
41665
63040
31427
41163
63978
90813
36450
68151
25042
25928
35781
37457
23739
14411
39527
81104
20394
56251
72498
48932
39285
20006
48467
14797
93280
36197
76454
62475
97763
60541
32501
73469
76992
99345
90527
84607
91974
36827
53122
93402
8227
55056
9524
96167
1731
85717
35132
45740
56884
17491
72396
29557
68814
8594
545
94404
80646
49467
30149
77343
36789
21514
97241
35072
55032
84596
46889
39343
55017
68318
50100
76365
59936
56488
26619
38984
16058
3487
30218
20788
90263
63797
56120
10065
25516
59994
36524
61401
7377
20528
19870
57585
87887
39394
21272
13590
5299
75296
76065
36510
32769
15004
62530
48057
85525
76906
60486
55943
42238
95464
5838
74911
98254
53174
90408
73109
95937
14522
14999
28228
56527
28757
71484
12326
63206
10113
93365
83358
46427
78111
91707
99202
4991
94106
18498
63273
11581
29706
82248
71379
81702
70168
17660
15177
1323
22688
88429
77911
61258
23739
29817
86927
94606
17684
79254
33852
59582
78095
52203
80313
42048
12564
24789
75412
32520
33521
45886
92617
63121
15840
27811
55467
11559
82986
35831
15574
65162
65973
85451
40462
97577
43364
96661
11940
51561
56193
56315
26913
25345
49192
45225
33923
52079
99409
77544
69778
94455
88090
17035
68740
8505
76873
21977
17403
40734
96060
16048
69416
13115
98031
93274
40570
74831
89390
94280
83466
73152
28660
56138
95976
17788
16340
72176
70119
31253
99203
56121
48890
75353
50844
19618
27070
32850
58063
58707
93103
67247
19106
12953
77422
58738
43050
79006
85017
85935
84314
2365
55210
88269
90761
15448
11895
89319
24452
79440
89473
75075
15653
35820
25702
51331
33107
34180
93142
10966
57855
57209
52483
20276
50064
80042
30991
38820
48168
42300
90009
95858
23039
78503
81914
73551
56656
48494
86271
29761
69755
70250
97193
24230
92792
91326
47215
54406
63106
14607
28076
78929
46553
57372
91358
29637
70635
86723
4526
27329
94815
83270
40374
10313
87421
2648
69529
91265
78421
40006
13460
39659
34416
92454
75137
31963
52267
13449
66559
4333
21033
76831
39783
41930
41888
81239
19355
2249
20504
75352
49878
19479
21263
32092
98594
96700
24847
93881
71511
30192
20007
23874
10658
42154
8288
49355
59942
72474
37959
9812
40978
52358
12766
4097
63722
80689
41598
31271
78221
69873
78850
25154
76033
58960
9173
30220
36560
5221
5554
38701
1243
26925
5176
78473
48258
23294
80999
80656
36769
16271
7163
66774
96205
49153
22858
53770
79500
95030
67979
39430
29561
46395
55478
12416
30618
8835
85139
15625
26506
23644
23407
64014
50739
95021
45989
25693
23214
75580
92123
81419
89390
11403
29139
31365
46052
82437
74966
87377
38824
48125
10655
48451
21981
26697
53463
15710
31001
94990
25896
51242
86632
68200
95400
38507
91145
82710
5497
7173
63070
53110
69896
98098
64877
47806
96641
76558
83986
22664
90414
46860
54865
98856
27744
54922
46210
76726
88461
70794
18198
19453
81025
29696
40349
70899
45909
65504
81796
26657
34934
80884
75804
46550
35373
37473
1846
63582
46113
50588
9656
11654
35819
94689
58891
87908
21779
7583
99570
49614
99442
27183
68484
25718
52514
40458
82533
4868
19421
29931
98299
70875
67376
72715
20879
87137
93902
10603
71508
67536
83553
72601
46870
78009
24551
95713
5375
45866
29086
3035
83452
44489
20662
95246
47577
63618
75839
93168
64678
79782
13294
34722
89493
98395
12677
90535
86434
92775
62433
85892
76773
63357
85752
37171
86983
10004
72044
3494
50057
6803
26287
28571
76183
11819
25042
45075
78166
69877
61061
8307
89683
26848
66889
78923
97980
26919
63465
1924
92890
18838
27101
367
96681
27836
1008
91128
8741
89790
38413
44593
22048
11166
90278
67963
10317
49781
8859
84158
2076
52650
46997
54229
51316
49435
27644
26849
76645
86702
36896
54709
72419
93103
45267
70445
51416
52038
25605
64511
10938
49388
74289
58709
17014
61869
74800
70459
24111
18726
80267
38352
55147
85761
85039
64275
66054
57267
88025
27166
29754
41245
55853
36355
90321
55579
89286
2123
17097
82082
80732
59823
21558
84530
60811
2450
32926
1300
30092
41058
20099
45756
21193
68395
83157
36399
49234
22088
52653
56714
55802
40480
10106
99909
91839
39494
63732
18216
20859
69724
20468
51980
19436
87293
26024
45289
62664
26451
99140
67268
65845
19776
58518
51972
82294
37739
4479
25704
99316
92686
41536
86339
24617
40583
56194
93978
70839
42419
62128
82041
15345
66961
38171
43712
28182
11843
76018
1963
23909
72586
68521
34149
95240
40639
82330
58886
94882
63490
40438
10312
59984
37018
80197
12103
83374
22640
1625
12838
95188
46354
62130
31500
38801
31837
52162
89606
81456
71677
3543
48695
59351
1112
65400
70469
72630
33099
51531
50351
4321
55346
49844
9735
51777
92671
92017
24274
82421
78582
58603
10379
95590
35547
84002
83763
17019
66737
99793
9506
69937
49945
56540
21520
21117
53677
95651
72724
82895
55580
43375
60105
36743
83423
24265
69533
32080
54690
72895
91195
45994
99714
54658
62331
92757
99864
13487
25796
90401
80084
57995
83275
9153
57756
49918
70241
9814
26318
1364
43234
96684
96265
8502
94689
67335
33218
45048
67694
23060
47029
6120
38801
43225
27378
23804
32086
81080
60585
31613
27478
56692
13570
91077
71374
68706
72032
26846
10945
79518
73313
49531
1829
22331
5968
26815
37782
28461
52060
39561
55440
17967
40084
60141
84773
30745
65315
60221
54072
33465
90254
46275
99216
65648
19281
2633
50469
12929
62650
93516
94394
94064
22253
16028
64785
78131
1241
49806
92541
24807
76541
60373
63907
67242
31153
88995
67369
44659
88979
13036
45335
28004
75210
220
27464
4506
60473
12667
39461
88310
35623
52386
67998
18521
44388
44223
77318
15001
7914
13751
31585
43515
14274
97007
65006
8997
50085
74497
43481
30097
2151
7067
79923
43801
8476
88096
51291
49381
24846
80084
31551
35561
57117
21222
66936
79290
37230
97424
61998
99952
16765
4367
83600
7032
88926
84367
98001
56562
75098
39943
77896
68026
54899
21235
54880
2803
54497
35929
25028
9242
32431
40500
75846
66692
18562
93253
80053
77216
67612
75514
62833
79835
27157
28912
39314
47016
50705
92008
97673
3555
93723
63140
45653
85746
47513
40200
71505
63099
68193
37898
86594
52376
18979
41725
98951
33053
3056
24853
24335
96587
39284
50349
87364
90833
57900
52203
2589
15333
25074
17129
7921
79112
98853
98214
78619
88232
26332
1181
34466
35756
44954
43472
3943
11833
32599
48689
92193
14585
52368
92844
84222
78432
6471
56358
23747
85783
21741
68043
5075
23317
71089
29294
52037
87253
68311
30092
25956
58684
56809
86393
30417
67009
30247
54094
71237
45814
98593
17036
20254
66270
4521
34858
36250
36093
47758
17554
80223
16460
69211
66260
18485
82699
91
1947
17368
81724
59854
68823
55566
42604
7600
53114
50221
9593
17621
91032
86032
49747
77809
28640
29381
75228
86997
17376
83655
82974
67215
22982
8727
55250
38685
93267
67154
33752
3783
99244
47163
3730
11009
80821
91042
42383
28992
49867
15736
69765
33509
26621
56249
49680
42384
40619
56012
63696
82613
77558
40595
92543
6395
31403
75139
13935
2748
66328
11552
11868
56209
75972
59346
44345
10734
78886
96249
98729
28640
55929
45261
28172
88556
49389
66445
11027
50922
14838
6390
28675
46368
85155
97411
55765
43360
47045
43596
86845
9589
51913
26477
32604
95746
73319
19984
63834
59413
89480
72295
38439
72696
54561
86091
83195
62784
99828
10609
43015
31638
33867
24203
92584
32379
23812
45
77599
30702
33535
4434
53548
39883
22780
90613
42556
4582
92756
82229
66525
15807
41240
48930
6387
55912
27229
30788
74099
98539
8100
61617
86748
37929
15570
97695
97352
38601
40548
42756
2075
35770
65054
17911
49598
39863
53372
44530
34127
22153
51050
15786
31294
21508
68442
77019
84863
88478
89769
85058
14363
44206
64027
77516
77048
80679
65796
22027
47254
60008
37107
2087
51544
58497
41357
33788
7492
66192
38077
92788
46301
3819
96706
36746
16829
31868
87469
10781
55287
66994
29083
79558
76833
55093
11401
37745
76340
47832
51339
29700
21332
19043
75884
26287
35160
74451
44396
39438
43569
97005
68193
24605
84933
34005
53014
19488
64917
69753
93042
19178
49640
9680
95236
73969
86150
52705
91179
32430
60906
49140
20385
55941
19285
50972
15139
66979
32268
82597
19711
38349
48809
58157
53921
39733
6160
39815
66407
78053
11051
44707
87640
16476
84176
62251
11631
3732
68508
6425
69604
86771
9172
44295
35627
81743
67449
86875
53132
81008
81963
27718
24956
78321
68273
28977
65318
36116
32918
40157
22275
21390
22883
83382
94982
3798
11719
17717
42002
96533
24832
33975
44470
84961
52155
66353
16990
37922
11934
16797
33786
6638
73334
66243
31188
84564
5955
73497
3386
61622
59529
22585
55372
88958
24785
50100
15668
26927
95327
50541
78261
77338
49902
60491
80047
42290
71502
381
16842
64484
36928
91305
43496
4236
80513
29854
25682
97841
50323
27667
79095
48877
68789
81499
59240
8637
37255
99941
87066
23093
11174
28136
3921
10770
89026
87239
2809
46414
34477
49409
18934
81942
91632
44796
63862
68638
49873
11975
42835
78102
61816
88032
66683
43564
19436
96757
28999
90308
44235
88789
96071
99801
26162
51173
73583
45594
39944
72573
76016
99566
41975
61098
95489
18100
61648
47264
3204
65089
3689
53951
20782
12321
94158
72176
78678
74326
43009
39413
58848
20189
83325
58051
94944
38357
10025
65306
94448
48311
14042
47385
61267
85020
73422
1519
17422
56084
92424
75045
13098
87323
35349
93571
48710
72727
33720
17127
3203
23154
63015
24565
12653
25927
59504
78814
64304
71696
58576
42527
91189
96259
72341
3956
50468
14672
38993
72544
42648
79980
5137
2402
69164
82681
30660
75638
93866
85511
30339
2051
14521
86873
1333
19750
85797
36429
39770
60144
63066
88157
70360
34694
41966
97604
81674
39702
23930
87566
35306
50776
21529
95661
28644
8563
51952
89232
81117
23290
46296
51170
38695
9495
70685
15277
79945
2567
83111
55330
19665
76011
72349
37003
56002
99263
86436
92136
43989
9619
40898
19829
60527
27611
47906
80828
91830
36351
78899
23819
38996
16241
41174
21968
96491
43408
96813
71157
57187
59333
29241
53103
97969
85197
4979
43513
80945
79336
35376
102
27885
65105
14729
17271
94273
18813
21936
44673
62617
72915
13130
44521
50539
5991
4701
7691
61922
15873
78170
31063
93161
20500
14078
30430
52852
68859
55857
64330
94738
24958
56314
41538
80962
58728
69307
56232
53523
26016
32070
96161
11569
95016
34702
37496
34275
3304
4308
68391
92086
60357
72138
92454
1658
75228
10986
5810
51184
88684
18362
36321
69270
87923
10108
68165
82778
41126
36365
8582
13197
70671
16445
72973
43626
25866
37306
64230
69028
38468
8631
11374
39411
11860
5708
19374
42211
68546
21137
3164
86905
84475
20231
8786
13430
32628
42381
15622
3961
11057
50360
78549
81861
56640
1250
47638
59183
45496
81423
52408
54263
4646
59733
607
64033
31374
67965
98994
72696
63055
78098
16298
92515
11156
6440
21713
37069
76941
95050
85049
30282
50579
68884
89002
46512
60499
23085
56343
57741
56444
37675
31498
48004
43890
75522
89926
80106
79991
91076
27934
55892
31265
51682
48979
93733
59867
48773
49495
17294
31898
46257
596
48982
20027
63135
16254
9836
81505
22011
653
1085
91898
55781
93460
51951
3349
71253
50457
73312
1523
91358
34606
99000
71029
12353
80136
98749
35699
23425
76808
7292
87311
77905
61205
56352
61800
83985
30069
30520
96364
11821
17379
85929
56839
13306
98666
62109
35086
56950
60729
1465
33444
4093
60497
70986
90595
24778
53734
13331
33227
67404
91304
43423
19514
96292
57815
48286
76240
11157
78591
13349
7623
24230
95001
80041
23263
1886
22184
87870
72091
92022
35057
10347
89237
47933
10886
90237
84972
47793
57275
42151
95592
97041
36517
46931
80317
92569
64525
39751
66993
44436
51340
79544
24058
74193
37894
95266
37687
2000
3263
10264
41252
60151
51750
18876
72521
99046
18353
16375
85064
45540
65988
44726
48631
80713
19176
10099
95411
11149
40883
95989
67392
82519
86200
1437
74798
9589
80166
41307
4249
31460
10823
58337
20135
29544
33312
46278
27122
66838
92197
48691
74708
20305
29235
15860
1968
24439
95448
1684
94533
56516
72110
98578
25933
48477
54818
10436
53920
60955
99320
24764
76678
17221
12623
86975
64348
97664
42736
26682
76161
71007
3962
17238
16723
93474
73790
58026
71540
19996
66022
55378
99464
60902
47378
75400
32968
14706
16231
8954
70412
76668
41065
52715
3332
99416
44267
90270
91052
34084
55739
10450
56612
73247
83540
56981
75492
4567
91338
66776
22760
76553
1717
37072
11725
16192
30555
83277
86326
38651
33856
92992
45221
88579
56768
97972
79435
59820
81963
32964
99443
57653
22038
30576
70539
15806
66745
23273
35072
86860
48204
75205
41263
38870
60142
27285
31022
61138
79011
73282
67859
61758
83433
96318
97087
52286
59334
96877
29948
36314
54338
84299
54536
64650
24681
37337
23691
46812
42879
32804
68442
78385
28573
85454
8495
55976
10924
4722
35460
62735
56260
40780
65880
6193
44733
54149
35421
55890
99302
85083
65358
33909
47366
1230
89418
15659
68529
52125
40260
57464
27222
77754
95372
21700
92596
87486
7115
668
18221
81640
98726
3597
23952
88833
33031
19073
43128
5897
15398
73508
72245
17944
54212
32629
35218
57224
42478
39678
19946
94313
78000
1010
22548
34825
31136
64551
24445
89336
46784
62019
65188
16029
65201
45435
6714
35075
16656
86194
96785
79405
10007
8144
6925
84639
64567
258
65907
27803
40050
40776
7127
42417
88865
69516
50167
72449
55039
28131
16530
96838
58934
58209
70752
9106
13769
43406
92999
89707
7039
70232
32711
86105
14806
98536
59407
596
45318
13231
1867
85351
69099
20815
70797
67453
74147
86063
55796
76066
11905
76783
51571
34716
95517
89662
39790
552
8643
26786
88123
25401
39297
89700
48479
27365
43919
56517
49799
89848
20747
26108
54733
27813
43774
43106
51761
77032
8053
51898
37194
3387
35301
66949
64578
74489
93638
19139
29567
2127
48224
61043
6612
86662
28743
93062
39800
61979
43664
95491
41038
25486
37068
24834
42711
72612
103
88817
29566
83607
48835
88631
63576
81522
99659
94819
48335
41572
38372
79822
60042
39946
41206
52272
62965
4813
14703
14392
70161
4118
93292
69275
9725
90923
43120
67377
44943
8066
64374
97018
95844
43547
68909
49103
99669
32096
91889
51102
29853
94246
14814
4954
8871
98604
28677
58360
10160
58193
86884
40742
67202
95374
49895
37442
86086
31735
28461
94195
60140
7873
16220
19301
76663
53478
47621
58262
56662
94585
47029
74338
55119
2345
71993
43131
71436
28540
12765
7707
31592
30036
37833
28843
84076
35571
28897
93140
30841
75073
19506
51067
13297
46887
47406
61106
29757
24626
4535
50354
46871
28615
2598
880
19588
94276
82385
17451
10296
27211
31937
85504
77302
94517
65447
34031
47926
48146
35818
26060
34796
93916
26350
86877
88151
86537
90201
61543
52990
22582
42187
57027
40324
11560
59082
92957
95540
17404
78882
38108
6400
27927
3008
47421
2385
17017
50400
71346
66520
18271
18696
52857
20134
74462
19089
20018
29838
4347
47379
83309
96763
87479
47142
56133
78527
19758
15458
42968
24609
6008
51229
37948
51568
34451
45072
65916
44432
65184
47254
84643
17705
67220
88898
3310
1259
39008
78796
17445
50658
63943
52308
15987
9420
2051
73363
80202
20835
80458
76658
61861
25858
54261
64982
60996
55081
58930
7877
7013
81809
61497
62753
89318
34744
92453
80079
31817
7108
81780
90016
68905
34429
45179
7597
48627
80802
48729
57380
71486
403
82874
21461
4557
35607
21968
97726
39660
56834
83022
86682
33678
23022
28465
37592
37937
41786
33873
30599
11389
40841
71798
12747
44541
84747
8446
3114
56831
48900
37
53161
38653
51617
23895
54180
47082
54860
43209
87920
86470
58513
1736
76141
44350
7685
71475
84983
25485
97700
36111
11520
95142
7870
52513
2195
19007
61299
7384
47495
52553
11449
24356
61076
36519
13028
36600
60667
73290
97658
33419
14253
84148
6950
63017
89965
44681
87417
85980
72273
28963
8429
40056
82837
34863
28063
41656
34057
8966
76303
65406
39760
30353
98339
20548
56710
46704
11551
72754
84688
45109
83711
65662
41709
61398
96820
79042
74836
75153
67957
57091
46777
51809
66676
4428
88791
68091
29369
6770
68631
63999
58612
75093
57709
89424
63636
84592
57608
50286
90590
77536
64252
89738
94211
93001
83949
65347
82111
21820
58972
10888
65186
87507
3821
9295
52544
48224
8397
67548
86938
55244
37635
97135
39379
53453
35640
13866
55796
18605
44569
40733
35201
41928
54077
23258
87962
95158
52112
95132
43814
50644
29507
65908
86480
19517
46170
44676
90870
29191
44089
1576
22498
67200
22334
55300
69698
16823
63690
34286
8679
86547
78519
40188
33155
90252
77153
26990
41213
59799
50084
98486
70240
83297
93882
65107
18308
19953
67360
80399
16719
78576
48682
4217
5651
35312
73998
75989
12193
13335
65244
40337
15568
75635
68277
2194
61335
58843
39198
61457
38231
85338
51093
7994
29596
63709
80310
42083
75600
88807
44777
97529
86938
54624
94207
82791
35874
96733
80344
40150
39195
3050
54881
86319
94058
64270
34507
22145
36234
17291
13806
24573
86650
2485
29988
65912
5103
13630
35159
13615
13920
84157
58505
83387
18308
2549
86708
6722
71975
2484
38005
53750
77082
55600
85962
64166
64049
69458
74884
51042
831
13360
40582
76500
51792
90471
65876
28847
76617
2986
26722
29448
13078
80352
55201
16458
97599
46625
53505
1687
16243
12432
76215
43435
92310
24151
33403
89116
76492
30753
19934
13474
35539
39501
97630
37364
78415
50433
43200
85293
22746
5674
88732
12979
11479
96514
33379
73555
94457
84264
10574
28961
68811
37598
41100
92648
91393
28231
41517
88251
86003
86910
94566
67076
67081
54926
75070
24579
36590
62042
54027
9729
69416
51217
89487
14541
68912
7218
65234
35220
19045
18889
73066
59492
17984
56658
28619
76415
144
1516
99657
65658
81378
35141
43326
69314
29721
93934
32482
54821
77972
45997
26577
45548
86119
59260
11232
22051
24636
55036
71999
27278
34733
55981
93928
40496
16350
89744
84977
93788
82305
93416
90132
16508
76197
19399
72300
19160
27667
73988
93829
85601
6388
84723
23274
41645
20823
27725
50245
337
23156
42782
67826
60889
90862
70181
22192
15829
77364
16692
14415
67225
23046
94747
93694
79474
11510
5023
57805
44608
37483
53959
90511
80988
72768
78201
70900
9781
11082
73845
64965
52985
20162
66172
58847
87856
3386
86985
80007
13573
84307
13035
32327
88504
94765
45395
62914
41252
63630
73905
94630
22572
87083
42234
24241
68940
57281
2351
61524
23951
60738
14399
36157
62762
30524
23427
46034
92846
33565
18731
35287
49790
16582
18495
39385
82575
36094
82850
44387
94991
47668
49646
573
54624
72489
23313
17501
61330
46420
10179
14708
7583
89263
1634
42645
16858
17986
52085
36482
38481
47851
32393
88021
37716
91027
9656
90856
7906
27457
38414
49862
10845
15852
32470
36692
89788
55752
41838
5397
72030
3954
12309
95437
53881
81174
33504
35447
32548
992
61503
96709
63840
96001
61286
28057
457
97122
74692
89637
23256
24429
80001
28261
2645
23230
43668
47586
90338
33963
2675
50744
76843
52024
61311
59308
47991
26461
46019
64195
1015
90457
12124
50392
47528
17899
34344
58015
10209
66276
80258
88286
64584
17767
40871
8029
86936
44876
71390
21415
96243
2759
60788
61592
28548
20731
5774
23502
75635
27304
78535
48064
61093
43968
54274
33044
24648
70433
47419
5310
28718
60371
63830
99282
12165
88857
95865
68645
11805
34862
96974
6353
14051
54469
4751
50104
23161
44521
38204
54460
51325
24006
36741
54897
81390
45635
26841
5619
83171
43444
36949
14995
26269
75054
24316
69795
15797
26882
58371
34736
34724
59704
60847
6382
8813
38681
74744
13865
29791
2068
96726
3252
31437
29046
91198
91181
11812
37878
58159
20961
72854
3744
91256
55434
97524
47355
91487
83808
79596
25432
71437
55677
81267
9275
46031
24706
40393
6150
38889
80595
4564
34482
42854
71591
79786
59173
89576
39402
72389
8406
83634
73186
37734
20775
62212
90550
82999
46667
74305
21525
32901
91843
70175
23186
49228
13553
30382
86188
95050
12494
6218
84771
5860
76601
70213
21641
34755
78277
7848
98008
32511
32687
15936
42969
81970
3186
51194
87081
78150
90855
12879
35574
47116
64434
93984
44656
5101
89041
78431
23613
78790
23604
63516
66736
73557
19411
81824
82716
52030
89590
14757
21550
69945
50598
90592
10076
97816
5182
95041
93452
12873
28078
62641
38951
15020
44893
53272
88031
11205
89237
91789
18595
24172
1094
31307
38186
23412
51451
37235
79869
7562
5796
26408
12774
65205
74419
93352
78453
32962
77094
5265
27331
19512
51174
39953
94209
31727
20557
27378
90371
48152
7322
77708
12875
91827
92788
32923
58341
77849
57153
78777
72080
22944
51291
56955
91021
92792
37391
51001
13422
57053
95980
14832
45070
71616
45360
86242
9344
38289
46054
88610
56367
41115
42594
18178
25675
46990
4213
94583
68940
58097
22217
92780
96843
73874
61405
40502
40103
54958
62223
70589
62537
80943
18989
22842
24234
9133
57324
90264
34158
42789
66016
10996
72360
67233
7962
83370
43450
78264
35087
96603
82279
35878
5688
8339
9953
8340
60478
92988
54851
16658
55751
11445
32670
92142
64713
44689
74049
94844
250
64469
74786
41419
7081
79740
27671
14868
6440
47480
93347
28479
23354
92255
45150
94739
19035
68419
76037
32946
74460
62957
16156
14742
62071
14986
9648
12910
93354
10770
48596
95104
80846
96342
27030
87769
79071
7257
20053
87551
5689
96115
85424
2072
46531
68809
67491
84614
71729
24114
58736
52068
8047
41150
28360
69055
59647
34018
22315
69878
79015
7184
27056
31405
10223
46815
89009
23369
99435
39846
26688
64560
99862
39539
42492
32856
58851
58294
28681
27220
65612
51769
696
80296
20525
63264
53017
32935
93393
46411
51908
30107
97466
77560
8293
62313
64857
401
44492
8011
54691
49333
52871
80722
81800
53770
30568
47898
37397
41136
86346
25994
62354
1198
11202
68709
81965
43409
53877
91023
74303
11426
57150
68313
68478
51978
78021
71195
95272
43109
35704
28378
69333
79505
93463
80073
12167
81610
17004
87495
40516
42256
2497
44827
45507
74579
73635
96108
36320
99190
43595
18654
40382
42633
7392
95194
94785
53328
74687
87471
64443
42930
45721
17284
97827
36516
26872
82338
51934
47134
20091
18358
47914
40843
21815
41019
52587
2373
91706
54650
65669
73044
42796
27586
96514
65627
7934
18028
24896
71302
72330
27307
36696
86193
2620
3667
70107
58496
57321
7976
49835
36785
88986
61097
21564
65459
45810
14458
70633
1098
15331
60959
77109
99933
50474
6374
6316
24040
92280
77625
79434
44291
79429
92727
30149
46988
59026
67875
32729
22946
9548
76385
15489
21961
18429
31089
91075
21457
81258
49014
76444
48217
39037
6598
25235
65257
99747
81910
73113
80665
55499
35297
96465
59357
46818
61498
94116
65651
10221
53189
76281
5370
62762
61479
4437
58874
72812
91311
12186
88042
69095
46729
81039
49688
10974
56010
71871
57658
3652
84611
27905
52263
34871
90930
49057
7462
61389
5897
47977
29631
53794
69540
74999
87742
87477
12331
2604
81247
1923
75356
65388
17663
48514
69003
76777
15802
95230
59599
54227
91423
19398
5807
93439
23478
84332
47912
84445
32551
13288
75865
47342
41083
49087
36315
27859
24855
42504
28432
12904
75643
30805
8508
1246
65458
646
2060
76129
54374
86145
2461
22036
63525
61974
70471
26769
46883
60700
79628
90008
69002
98507
43366
80835
73540
4142
27553
97785
45563
43031
69630
86667
15772
85978
9020
87106
17199
91535
67883
51721
67851
9398
5660
49766
38496
97901
88859
90931
24533
28522
76044
84979
26594
92280
70528
39400
78378
31018
44705
27817
88041
9029
47202
18611
4973
62446
54539
70380
86048
33738
30641
36646
49430
51668
14901
46854
3474
11704
73563
48406
23677
51536
31527
9201
26040
17345
10908
4840
37106
84302
93346
20966
25007
71836
81125
83821
73675
48363
50897
23236
4530
31662
65884
43163
12689
46301
91780
69799
34343
16453
89710
94546
94912
86558
91383
13708
73792
86229
88367
61432
78788
68830
56727
56747
15163
49849
58147
1169
30942
33674
90751
29339
62033
34235
18254
25980
41708
75419
36618
76259
71705
28413
93036
44672
18331
2642
4703
86912
53843
51533
78685
52253
17384
69471
80963
31256
55251
39520
44319
34072
4692
83038
53258
14061
76894
31588
50577
263
66222
13707
69582
33712
194
68483
71810
97678
18568
10975
51815
65055
50005
78265
13430
59380
66566
63644
40062
18856
2694
60224
81159
94973
10646
35405
24968
68759
44291
94858
85400
38349
72028
17271
63237
44404
31008
74164
57361
4595
6525
95422
69713
84719
46182
83369
37308
90516
98572
16104
3796
58038
75287
40008
17659
78407
56461
43553
87859
39521
87536
21594
98992
18961
77709
13152
39692
34823
39538
39021
19378
93317
43100
10758
23897
72430
48611
73888
45054
23737
13722
14844
88674
65587
91248
85759
80764
99017
52849
64072
89310
99349
69774
5035
88585
23784
52606
40441
5100
64013
75802
31352
83917
89918
76235
58650
52473
54477
93824
13997
15659
84978
2463
86563
3964
24315
88985
32902
78461
13868
81867
2200
67607
31501
36084
70393
73434
52435
4738
55163
91447
62696
65210
86368
99693
16028
90217
23808
58010
69379
38687
97531
40615
99206
8443
10596
20079
92782
52156
38054
7624
42203
74009
24354
4501
34595
26266
67172
38595
99853
66092
29732
15697
26565
37314
47125
57040
2605
24829
30277
68149
89250
85987
46128
79247
28911
64477
24171
73661
39810
87579
81327
79843
36046
72627
40181
84189
37768
38485
58111
58242
48182
53440
21744
42072
52444
24246
99205
30831
7515
82915
24280
82397
48789
18003
34537
52399
59887
7524
71067
71328
69659
81956
80184
28927
30175
55067
92423
23473
29293
90678
50710
78799
8358
74446
23652
49577
18637
61910
65611
53370
37784
74618
89736
4041
58784
81646
90285
62624
75219
62044
2593
10406
47320
22497
14527
94827
75144
87048
54474
14245
97165
59876
70952
36730
45946
64979
46960
15155
87175
22092
37827
24560
20001
56854
81891
26070
42284
43866
17280
35972
68608
40664
37859
25529
82730
2723
40376
12380
25643
6295
98630
91418
40828
15140
82997
14419
67517
85649
47958
44901
44192
28614
86199
26573
17823
17409
2451
78617
17613
62938
59168
49397
54513
90547
57179
73439
65031
81275
73185
47379
63592
88724
48615
20272
38211
2067
37695
58397
91654
75740
69882
7233
60721
81692
74784
14606
71993
61828
5457
45654
18175
86781
8536
86244
46195
39854
19540
49365
74165
34080
1250
73070
4860
18618
84643
98554
26987
85073
98566
45143
7387
20300
71752
83781
82444
98053
7265
28619
88865
40447
24462
36868
99735
55063
82236
11680
71704
47006
43063
58318
58763
89504
81467
87501
73017
16679
96821
69547
34264
25216
7426
89397
95280
3567
56389
55679
7122
8957
80661
41683
6466
35580
14798
36689
26024
65294
14355
22485
35165
21335
94357
89917
29751
75106
15749
21570
25413
57530
203
27863
63103
66822
63126
59980
4170
14106
4721
38666
27511
45057
21293
80323
88369
4675
16789
26105
48760
50032
62116
76158
13312
92815
9369
11926
18915
82122
90444
45517
95830
50076
26825
57351
89025
47005
23808
25100
503
50127
88273
37341
99767
21556
43369
69277
21059
62926
26671
64586
45646
37265
513
7490
78546
71986
73479
76348
70942
92899
93882
80844
71099
91433
75614
63461
73464
82989
43501
67800
69094
32266
32449
34990
42381
71020
72255
45457
5025
42056
94397
64067
34448
62137
27750
74334
89477
43173
95784
95732
87311
27807
19305
15203
11934
94563
51570
44773
46115
35913
85370
90260
5155
94002
50338
57319
30876
91987
22739
7942
26332
22303
81183
50006
1980
55215
85767
96369
99601
86457
8382
31642
40128
41646
64028
61771
30304
80692
83375
62766
84174
6288
57439
55798
84094
32986
72180
87064
90984
40178
55698
13985
7263
82901
60394
94489
66856
61867
35263
46676
78749
22717
13545
69216
34727
15324
26838
31040
10329
74861
23689
16885
35459
88598
70124
42579
49662
23470
48949
2424
56322
75232
32977
74733
85082
7578
43992
34989
13124
46477
15563
94933
68093
22387
44270
84593
97072
5700
51731
1506
53578
37273
75465
14362
92757
57328
93277
17728
60462
35795
7759
62397
74001
68422
74051
87254
55160
45714
6620
2094
72818
20783
89171
38271
75676
94977
64654
65149
58520
98537
29903
17847
27916
95951
56667
89165
62476
79855
97646
11222
76111
23052
45241
76572
58925
91540
28129
12189
18835
35830
28067
96538
24431
40837
27774
4935
85324
72821
37713
4944
78441
52015
39810
34179
70000
54651
59180
990
42256
57444
50440
30791
44291
84232
76514
86848
20299
9727
22255
89218
70616
73417
37693
32296
61475
65331
16259
7184
75877
62269
91673
72997
24329
45108
79508
23447
29882
73209
14985
81326
94853
41599
37733
95916
16615
14484
76333
94363
28549
22097
43865
18454
8340
7682
66403
76618
6315
8307
42956
79574
91917
30342
12842
49381
77092
64843
58483
60760
91635
54379
12885
81292
96690
18675
42573
86010
69513
77774
53669
53413
43566
25913
65772
25579
95878
54457
34792
33731
97128
73167
78190
10000
2276
68324
17647
10676
16296
49541
71011
34035
1464
45698
98921
3169
78133
52721
50158
94003
91045
88328
27554
46313
66000
76399
43224
33775
34377
6761
2489
26920
1971
7208
89036
60528
35724
58491
11415
24611
70461
23295
63907
28636
95779
22150
72434
8611
94754
40570
6148
98778
672
97680
11848
28667
43621
51160
18730
85112
41673
3454
29168
10347
84657
98429
67974
42175
65711
14819
10569
19540
19453
3455
86721
17192
28195
93864
33608
39400
84066
41888
96507
25348
18803
89820
15436
15580
21571
51784
69216
63996
6324
32475
53498
24461
47618
76740
20164
75389
19969
88518
18201
41055
16774
73257
83138
92304
47598
60109
45879
5573
40857
82453
18769
29782
12888
20032
51404
88664
26005
83297
86558
25648
50850
95224
25678
75196
18884
55263
79721
82713
28046
10246
91195
59299
45860
52656
14209
85301
61940
47749
49757
61397
39183
90059
13655
49476
14318
41965
2719
21684
430
87200
77063
92292
20205
25254
96998
20409
1860
75184
39688
42702
42894
36451
5429
4308
89366
56374
19300
15666
36322
17047
17474
24883
31393
99037
98572
344
5732
91860
39283
21704
26906
56616
92390
63904
75286
80712
63805
90545
29138
21324
81731
91266
22057
43982
85558
44900
97654
525
51883
72977
15707
81061
69517
12138
82068
17993
88181
77892
58948
57160
71706
74408
89601
71327
7896
16975
79155
54522
34317
77997
20300
24421
59127
9546
29647
36715
86933
53355
56021
76022
11727
68830
62685
19790
85645
72205
12558
26164
84614
85554
74493
87984
63184
75570
16891
45191
97547
21431
17497
83537
82394
15945
11435
29242
5445
20085
7375
76665
45803
34999
6341
28170
664
38077
73291
27385
90154
41394
70988
69804
63223
58800
74631
6538
12520
93825
36119
97956
29197
20869
57942
50927
98084
89537
79299
19644
63190
54944
51976
54271
54262
80257
38966
45957
63338
82564
37458
93762
78025
12121
87809
8777
52845
58961
16940
38407
8274
57089
91241
69699
6670
93831
56151
60936
60955
17705
819
10048
55642
4660
21071
98713
20071
94222
23662
5839
57846
80364
10967
21804
74623
18535
84066
30977
47432
21592
41955
31482
12367
9546
16138
27426
31121
83254
60193
94018
80467
29622
2404
17345
9707
20314
68567
2714
41590
84465
60397
33253
26893
74757
6874
17283
68231
28868
38620
25316
69294
54921
52614
88610
72162
27308
32104
44888
27090
14016
79721
37722
48556
1318
46785
66822
18012
19737
82836
11671
17689
16820
94226
88473
66120
36544
24232
32383
59654
73816
71104
63533
63624
49621
58730
17292
15811
60879
19213
62074
95242
10554
36511
85265
29851
16361
54354
80833
87184
71604
14060
4462
97611
15526
78924
77697
21740
71211
36562
194
23558
81350
65969
80760
38863
31890
20576
41943
82494
78787
71051
20890
49060
87879
47346
2857
39949
28082
65442
3750
48396
91950
61092
76851
3630
59459
47712
5576
25855
12299
41484
53202
7469
88860
7842
14739
18701
40356
37880
81451
50187
97047
41131
25388
67979
36547
52873
74764
67451
62913
38531
57273
46081
15381
42286
57555
24092
35355
29417
69023
33615
64292
73222
47181
69005
31089
60751
59319
30513
61088
79134
48606
30926
15310
4325
4743
14459
81128
40554
44206
36159
36337
93653
6963
60837
24234
43059
11361
80136
83462
83910
34571
70121
32977
54843
38516
64761
45140
89818
13674
43004
27256
7869
37042
40425
45833
40806
70206
60052
85459
78070
6819
14920
54795
16562
19110
78888
32411
46391
20067
83231
45479
31235
96850
7460
22587
14314
70176
74300
52688
52056
94963
84126
48195
87541
19515
95187
86931
42313
94441
72039
14052
88930
3721
35457
92674
3301
27608
70467
52856
80928
48822
27747
25995
93844
36132
86843
38539
34942
92425
22649
95131
47178
73293
21362
32101
56161
39382
19330
71837
20127
53680
56236
54508
22388
53164
8933
17296
97710
77075
14505
93318
4702
81697
600
77119
87527
56010
83082
5490
97106
65492
9058
39562
10056
72502
32686
2523
5990
41779
49253
42999
8648
29
18266
11103
18040
79834
12297
54824
24059
83814
24082
58502
37892
29739
39696
7666
53701
37602
35842
85788
89750
77175
42039
3863
23856
50645
46256
7755
18523
61072
36747
45667
47319
31749
22332
59507
59324
89774
44658
82667
13939
75168
89904
93610
21937
53748
97465
7222
65268
82773
84170
84486
78367
11499
60172
61057
57074
40175
37063
53415
36623
42028
60144
86435
49516
39898
36899
36393
72000
52148
55774
96151
72776
80163
17007
60100
1782
77212
23776
63168
43078
63142
65962
90098
82367
91991
96821
23567
5372
48399
87797
17754
32148
4028
76671
62575
26983
53734
93472
85933
27481
85391
96715
49584
92919
93267
41341
4910
81136
38397
8264
22976
83069
79944
60913
84778
74088
69233
78191
51023
65384
87471
59686
48060
43778
76516
11525
64375
54163
85394
22424
13906
2094
24456
31943
32353
15533
1353
51945
83337
24739
24809
66888
30965
57921
81708
56462
56404
14812
83398
40067
7775
32410
61755
82017
31759
47316
58952
82476
62691
19727
93590
36842
8933
60070
151
50766
23289
41058
77998
53256
60242
419
81679
74074
9700
41991
45097
20302
68942
69843
93010
12397
28265
82146
44507
40607
52731
3372
64634
9431
8519
27323
31005
62449
15174
6223
68055
14934
90112
41188
39635
95244
58
54736
34821
85218
14729
79773
3912
28152
76470
36479
32562
5624
81007
72107
71753
51979
52962
16359
61455
46306
28550
43126
38088
21998
33234
33496
1915
28892
43123
68485
40393
27237
88486
4193
17582
85542
97340
26922
7478
56264
73674
11897
1011
52329
36105
39516
88433
4651
53070
33097
84980
96847
84126
16902
76114
6991
22454
82774
49455
24370
88638
815
74056
86988
83613
21051
37826
125
17679
96481
95351
51642
94826
63013
11641
93616
65149
4589
76456
27644
48871
32728
15237
27401
73668
51732
32199
32424
72245
32731
43578
63663
26381
6451
38030
76646
44686
82594
92220
48403
16900
83650
174
94584
99906
99941
29817
89252
73840
78825
77638
1123
18695
5165
50753
60173
69489
19574
98146
41593
99705
97303
29429
47957
74975
92595
52460
9380
95799
40313
43998
37624
96763
97231
2760
41995
55261
95813
99153
39067
26634
49935
35970
41725
11336
38643
98946
92150
76135
4914
65302
85701
64954
73458
63885
69343
31953
14640
93364
59431
94862
18394
25190
51874
92091
65725
75907
89321
79361
31535
24175
7752
88858
63178
3089
67688
95177
40675
84915
45850
58554
96442
37777
41274
84918
67283
44633
72841
22704
20078
94017
77742
32779
35855
1019
22335
74609
62185
54388
84446
38747
52943
26299
78875
8405
55743
8706
61665
88977
12551
67442
93388
38626
22148
44300
33336
35452
18442
14765
23050
46850
5984
63467
95608
39020
38514
82230
13440
45566
20970
76378
55389
18825
78571
60113
51032
85365
68797
9074
52541
11547
38001
1143
4521
93323
18918
26508
48606
310
11672
92299
40240
2431
64353
15260
39548
82871
18867
84392
95642
91149
71648
19334
83028
70967
31020
98378
90904
14519
69412
85540
33195
31327
61152
78763
37163
12555
87231
58554
5502
28667
74776
97465
85273
15879
40483
35372
49816
45701
43531
48302
45883
7543
6765
1965
62295
74893
38825
18190
65338
88043
10160
17259
50831
56848
34184
84266
69874
49700
7793
93020
57437
36836
77656
6455
1744
82082
60311
26218
67060
23913
30870
69146
35091
40935
82915
74728
828
87536
85859
95821
44120
68535
39947
9512
26604
41815
61071
61009
28062
40467
32341
89372
66649
74497
56347
52314
99914
68870
22580
22278
83265
45582
77724
99541
93062
26853
55354
18780
96447
28443
23209
83917
81443
22662
65167
29768
54952
15824
48084
20040
56702
23286
882
61619
55954
7017
55714
48109
82762
22708
90670
4681
84244
6297
44641
8344
32844
88372
55670
89685
19585
53057
63068
3701
24214
8416
64843
50959
72359
70474
62496
30139
37626
14609
95666
44885
44471
24302
15739
33375
38598
71484
18542
32308
17714
15323
52320
69101
11636
47714
70641
62006
60733
3566
46810
60560
10884
73873
38748
89671
80092
74659
27501
24660
81654
92782
84627
90363
28629
91731
33471
89129
72780
75105
75442
28513
17880
35151
77851
68914
22862
43559
93970
25499
92776
74806
16034
56398
5418
82780
74051
34589
61309
6370
26095
34864
12322
85398
72795
63622
56834
2150
74280
10125
53318
10558
86270
70896
62116
9041
48058
66239
93110
78957
53946
14367
16757
44052
47496
47280
97213
60570
12126
8137
18353
53953
92421
49733
74274
78705
98769
44602
55157
2263
45953
84918
81161
68887
65871
17821
15924
90721
61041
80326
40765
51107
81544
9489
26103
15516
83540
82005
11236
62061
58112
22707
88334
62984
93703
19391
35681
68311
91320
44375
45945
71695
25801
33567
63980
84254
40822
51603
50518
12814
72288
91636
45354
4505
1804
88828
76903
55260
56476
9702
10770
42103
56165
45539
14454
70495
14873
93773
44363
89056
39053
37058
2929
11116
52422
28937
64523
33016
91919
10737
46168
71124
64023
56680
3734
60564
12300
16460
2848
96984
66410
152
5760
57526
61917
77618
65522
22047
10993
57370
66034
8003
13072
94562
78357
80688
21427
55345
21964
29690
90779
2710
7291
90779
22873
25846
73544
14233
96370
58104
56727
92366
60521
39597
64
66181
75272
75191
19370
32286
29583
6712
65826
78467
12562
97864
47653
17273
11472
47052
99967
48472
61123
38425
43506
42648
3210
63410
92149
76362
33673
85198
78385
71582
50310
59247
75922
60411
27466
4117
61383
48964
54352
96112
96212
23604
11247
29342
35600
19764
73283
66616
64191
62225
79941
52612
6318
91734
80555
48329
81010
51424
92040
31918
30309
27749
71863
17198
25985
11638
27985
74173
72173
92261
1551
24922
59964
3807
99125
24415
97599
487
34034
21812
94581
85551
91747
30678
48071
8827
5292
72476
13404
85913
34388
38488
63599
46892
23882
44468
68335
9386
32387
3128
48793
29987
59970
82650
47171
21814
76196
58190
38002
6223
19820
92057
82491
57889
60868
92963
56371
94846
2501
24024
79170
28676
76980
85326
36008
83178
86275
73662
7823
49741
81439
22836
45899
10215
58647
92380
64764
3955
83101
28321
36485
61195
26461
72602
31348
32842
21998
38541
61201
4192
85149
81132
41246
44761
62162
19491
79280
49928
18664
64858
312
80855
17743
20326
64405
36959
18430
23268
79675
82743
92322
38274
17603
28717
30829
99098
6688
52875
17484
97756
67670
87290
73875
22110
21891
40142
10204
79274
28834
83235
95319
2903
74523
93044
25020
9297
5440
71689
83963
5779
57481
17402
68930
61139
21824
56081
83322
42649
85964
18659
19506
63983
5926
70811
92821
97676
71938
28653
28298
71704
81128
71909
63168
21791
48250
72308
26279
90243
15395
73597
79826
79554
60619
31343
52163
67087
53432
71886
65184
77031
26400
40351
93348
30130
94272
90429
88982
87130
20055
23309
26542
61606
66659
96733
93333
46835
82044
36870
14521
24082
77372
3078
85420
86743
75208
88347
90708
35692
73259
8839
99255
50575
42475
2581
95132
32653
73224
62214
68639
99240
95922
83870
13028
2158
1874
74566
95848
1977
82922
6182
61484
42950
77581
18947
89434
73514
50118
55022
6989
43033
25558
43739
73054
26384
38129
40839
4054
54060
14970
83206
91047
26799
4755
98816
8006
56227
30605
28207
21742
73947
10592
77856
56390
4326
23170
66973
28505
4773
53957
11271
34280
97488
70660
37907
67727
32973
97148
49341
58916
26364
5799
30699
91031
11091
4583
11626
41796
36535
76833
18242
74883
43884
29551
93820
59347
82608
74260
38808
8286
81165
90739
31708
88281
23458
72916
39851
23747
60963
49140
84716
40171
87023
9090
56214
75298
77866
4054
21847
86702
17607
80431
4326
7083
45013
92107
8874
54167
22945
31478
92959
20183
33401
48189
70970
61867
17020
2514
81052
288
44219
63302
13513
44293
88046
41611
36996
93047
89904
5606
72381
73630
35342
64257
67923
11227
98840
31010
49617
20167
6201
41491
9476
40726
27601
48115
74159
26014
34768
24790
36348
94829
6510
61225
65548
89349
4531
81995
48227
59349
87696
46930
11034
20682
13740
40885
50609
5165
9888
56681
16762
23892
47888
92042
78498
51210
76072
51257
37028
3349
24503
75892
38282
80855
93416
8837
29872
52474
59653
59461
42681
25732
97099
9603
33099
89071
31781
45627
65933
60217
40564
73743
76322
54585
58770
42622
58685
81983
2410
62462
78002
32511
34669
21579
33825
36779
84957
21586
92208
50633
31071
42115
90174
3801
43728
42270
27388
49577
17267
20352
97230
67222
4646
96592
115
49763
13007
46417
37563
77998
8523
79449
95930
90173
57367
30596
48060
94446
91432
8151
34134
90039
55485
69002
30832
82287
62056
23301
11379
15387
40161
35499
18955
67403
33339
45150
72590
96989
7040
62446
18431
38043
86231
48479
27904
93948
76420
46408
15411
1178
62327
41540
92689
91087
49304
96981
33639
7640
3037
82624
45185
89404
66760
11567
5896
12096
9700
73873
60612
78890
21896
9829
30003
31572
48397
55176
7144
38616
96302
45063
75139
26755
43410
42015
71157
28907
17735
91493
5864
63003
47724
18548
4932
76842
83853
24923
56138
19318
61370
70742
48864
28303
41241
98682
47632
85197
40506
20028
28501
42175
65515
31019
44624
36161
40609
46457
47933
341
60026
46199
42270
19679
45458
28879
86927
575
72524
13840
28390
1356
41638
76803
43609
19472
50845
96541
86868
57209
85724
94543
96602
16617
94324
33650
61524
65536
55844
99178
65619
29053
11714
84985
64687
27235
86704
98798
17157
67568
92847
77667
58680
92010
79588
82313
78709
73063
78998
18494
51081
41510
53883
25672
7938
91533
57203
18519
73773
62324
23063
97354
88891
40809
90750
28562
28030
1700
65770
81431
81622
79616
28127
71713
98080
46806
1141
38478
97938
48412
38432
24404
97412
59333
85208
25372
88676
46024
31996
74500
32816
76680
98874
18551
45150
67937
31800
26916
86669
53662
7357
9262
6692
24429
67135
6044
4882
61427
1011
69109
15549
76477
76242
584
8627
5255
53861
76089
8661
19240
89746
59568
40449
65219
92602
20576
9341
90089
69860
45007
42433
27357
93730
66876
67375
34340
63053
27946
42720
59756
35600
19537
66496
48744
57528
46137
28135
72859
9597
84156
58259
67500
95520
5226
88138
94713
35911
61920
79446
28871
24237
22187
41797
54123
65837
57952
77770
27695
9426
21016
20720
3578
49937
37144
64530
77044
39025
33379
30504
22179
66514
25507
93648
45293
97913
90924
9790
5758
75457
90428
77332
37341
95684
22021
86042
99401
63963
74897
69668
33365
3519
33839
88276
85780
19871
13625
35887
47002
836
40431
23175
7198
78596
8691
91029
30731
59386
13215
29218
27809
7855
72155
33286
65417
70236
43887
56291
91251
70729
7439
91073
37021
23113
4236
84758
85110
6531
37172
24877
34850
62068
60170
10047
88914
9162
23494
67550
49979
78330
28215
22934
81743
35378
81509
72239
49435
88276
23516
92463
69909
76551
58647
53951
42050
79788
80872
75667
97780
14732
94313
96747
12805
14856
54192
42904
54134
18050
87380
95649
63784
91610
82624
4843
93608
50198
75512
32321
33469
24645
1442
46252
5435
68722
94929
28533
89913
59225
69825
70113
54654
36992
41775
61781
37411
47477
24780
70587
55525
52385
57584
57740
28241
15229
88038
65570
23545
9566
62119
86110
84662
75367
11547
24719
98641
66581
46238
39178
12663
97099
41470
75322
12150
61484
36030
66560
79359
33729
76180
70600
22078
31325
92084
51082
93967
73762
68387
86452
63938
58678
87680
93382
23313
37102
2565
49224
16490
46865
63481
12783
29349
61893
73465
98884
48546
56667
93360
47320
1837
37012
75510
35943
76787
90257
6560
82243
99090
12832
29023
23430
4745
80163
91779
77566
86474
75862
80914
94019
59649
55909
94358
6443
53668
9715
32055
97060
21351
87843
61349
2023
69665
52990
92278
3877
61425
56802
8997
50443
14018
16595
82931
98453
66866
61034
24371
59423
39750
96667
45896
35074
84770
94803
36110
28697
14694
98379
74254
91520
51859
88487
5201
16152
7380
93564
10998
35547
20060
38326
25289
38039
53483
6859
5550
32817
85470
895
49636
2514
10529
35926
11781
55052
93149
85737
67200
75688
94063
40134
61146
87281
66325
35291
23149
35501
25928
24708
49014
29167
68108
63731
58881
88390
87099
81715
6848
20858
80728
22037
50089
44769
31560
75405
50879
81938
28399
55987
17404
19520
65890
6615
77636
14740
59389
9216
62258
14759
42864
82385
4373
70937
63438
86722
92695
67032
40008
38207
70613
27476
29617
90928
48288
82136
22721
88270
40836
6456
89028
41767
71739
31591
25880
29861
54615
95463
62298
21273
72459
94433
7910
76269
56721
13916
56478
71350
48654
87891
23729
25608
70122
60341
21141
6989
16208
94679
25825
78893
34296
22795
4389
29469
45454
73790
37309
22302
49139
91751
70927
32819
57644
14203
94577
68575
16391
86809
39202
45269
27509
56672
32516
54728
40661
66390
28800
54617
53808
52723
16528
29637
31771
36299
33242
63137
99350
56654
28920
23110
29788
44650
55416
23089
2923
42060
49752
91725
76323
73270
33696
27118
38859
6285
91554
40258
2317
258
10109
14195
67472
7466
283
38732
80275
8351
92340
99404
15889
80146
13007
94425
77368
427
15504
80909
95340
94972
76647
98275
69162
86726
48212
57773
21732
32787
32798
48349
45834
57517
86126
29208
29315
45041
72148
29446
21376
48856
77348
2146
27516
2844
40986
59042
32908
16674
4484
70894
96277
60446
35366
96386
88545
95987
98605
6170
74821
89996
5747
85527
35833
77403
20916
74877
43488
88573
39165
29183
48924
98375
33975
60188
99318
368
83934
88249
93189
3562
69098
66218
62058
47151
52783
15430
11528
29425
95050
96295
75234
51038
10126
30838
61149
64889
43967
97002
84893
45607
16342
54006
5060
32106
79145
57298
72237
61343
2678
9339
88365
6858
29932
96217
18789
89468
48308
11683
96997
14690
95708
87872
95929
81579
39146
65456
90428
30698
27951
78427
82602
18721
8417
2402
81557
51261
2066
77779
70106
56768
98214
35799
96874
97885
59854
22327
96574
89615
49457
29931
5954
15725
76459
24761
6267
87731
18206
73572
55502
36990
14508
36834
82
25929
62171
27645
59832
30243
59483
34546
35379
9812
19156
61570
54287
64393
85827
23486
70395
76516
5148
92240
54916
24065
51654
61572
42633
74555
33012
76117
2130
55702
34679
48684
50990
81545
77345
83080
11740
54584
35917
16982
67343
4313
66416
94247
1113
87741
72848
26525
9332
92130
37255
75121
98112
39766
62623
91842
58275
37690
12287
77852
38552
21816
95223
8332
42556
99875
84651
22800
9369
39771
16450
89106
59367
37672
45392
71516
10351
79676
45053
77684
83755
70159
80653
16548
90162
30701
35617
56520
15103
64290
31976
80753
21768
19477
76392
53836
68499
49262
22654
36511
240
23674
37824
10405
84464
76804
5503
24549
56149
47462
85368
91207
70
49908
69427
9311
1131
94285
32220
36085
89013
97294
9875
14998
80835
31586
3062
72876
12962
56826
81853
15168
19917
61111
2992
91779
14721
10606
28918
29503
71847
66271
25769
56525
82150
32806
48867
58295
54040
35240
15851
73959
94441
62968
38727
56710
49337
52532
31815
21949
43282
89984
20093
14794
37998
93261
18800
23381
85566
29358
22285
75786
30615
79720
36433
98654
64016
6856
32953
58256
75063
28452
94516
16808
4688
14459
65491
19596
90434
41827
12588
13251
69185
21977
26128
30014
85760
89519
3918
93282
61075
54866
92490
25434
17755
87395
86426
82335
66652
69855
9677
13895
40617
48357
55428
95839
34503
13859
44047
5150
64745
89968
26984
45032
27493
72554
28445
95591
41863
88309
90721
36533
49338
24829
36839
32287
6691
58513
8379
33678
56232
3460
81236
97926
6656
82830
43855
94513
26557
99044
3386
36848
59492
77661
23011
710
45025
60800
89655
68252
42797
41106
51913
50839
33851
71898
87820
17016
73338
1100
29690
65258
644
64212
45819
21130
31680
97410
47210
96392
43988
67049
7219
89623
39634
73695
3231
38229
89999
23216
51329
79553
50351
91312
24833
68205
55158
81037
47583
63178
73123
45071
17546
5583
67554
6038
31554
85724
67814
16061
45006
63016
38655
41068
66616
21667
79138
18820
78241
9908
20605
6127
71013
81354
45051
16660
56070
28407
39679
94210
40679
94652
49279
837
91849
30602
88543
44977
30445
75157
44899
4131
19103
21829
87551
13902
53143
86710
88098
8066
32953
65311
313
94687
47461
56576
40958
77866
24202
74472
50285
16061
23800
17808
90409
53800
83221
38295
68899
48762
60165
65946
91170
45286
41762
18420
83455
7157
10592
93466
50580
75642
22330
93260
93434
12421
8014
32753
25825
84966
95102
30167
49926
53995
1517
53265
99651
66471
11631
73574
43586
50607
2202
52786
93827
91259
23609
87816
66941
31893
13686
18952
22297
90925
7338
53313
61161
43627
85174
43007
64399
12609
86138
8089
71456
42242
14083
2103
76142
99771
14004
80262
58420
94903
66127
94331
99981
7054
48504
88382
57766
60751
58719
18275
50920
10378
41767
48243
11631
56178
34915
3413
45604
78706
64439
58137
53678
53577
92382
51409
59806
71247
53495
19889
18029
15390
46295
7322
24939
4067
28730
7962
21722
54260
95748
97842
80320
43937
57596
7240
94073
42138
54378
16903
66457
10698
65348
69141
64303
70072
14426
10456
42529
1330
70441
95549
84766
62636
51941
76891
15293
35171
9946
32992
75177
91719
18963
31278
61282
26064
90905
17552
26373
31722
32735
43516
68240
77883
55893
68666
99063
73856
69990
58693
32692
96284
76136
9101
65184
30143
99808
22766
35741
49259
52362
2632
14118
84521
61313
62264
11144
29322
66762
39335
71298
73735
30158
22086
64676
68879
78515
43210
17170
711
55212
31147
71577
90583
32342
22378
56529
58303
95739
7007
20250
53166
64246
81476
60282
62423
32058
62714
46980
29350
80682
63348
23486
33021
24940
9736
55479
1793
12214
43898
17433
80464
85155
65567
49824
47659
91790
27216
69161
32337
84111
99396
86013
27658
73570
27811
59777
10519
41858
98378
49977
72415
45511
73635
47230
24742
15233
12688
47925
81503
7852
61649
31253
78420
1500
17167
94480
62381
61403
35372
76364
99381
84706
35835
11617
91014
50577
46258
68406
26033
28815
71291
99692
51702
78495
61375
50713
96714
10020
13034
47098
33794
11405
22546
31373
87055
91628
39247
34975
4697
72719
58295
65609
29955
31452
38019
94324
75354
19535
58610
43203
97804
59342
61872
56380
40359
77690
64242
793
1904
87532
5653
70946
48704
29904
38025
14144
28554
17963
18732
74709
90420
78045
46999
4104
47695
5455
96572
3751
16352
98742
9664
84774
39293
94619
70605
95514
32814
71496
75866
22
86254
38269
70423
54132
13024
45960
29211
37266
39608
24224
69789
40595
40359
43895
59292
66163
98771
26625
45091
13179
88289
2016
36829
97300
37889
70439
40929
54355
67947
11805
347
31487
37737
54181
55091
43126
1010
86055
37828
94036
70596
50382
57143
80803
95517
35900
83732
65455
97529
74199
83646
63928
99737
11211
28431
77808
67315
28279
26231
42238
66033
51755
13072
92349
82803
49562
53223
72828
48877
64729
18246
12938
96856
54182
94855
88306
17235
44403
88750
91089
45513
3993
865
28307
24445
12732
33282
79373
39608
69127
69293
27769
3458
2500
4127
44274
27890
59389
5552
55462
53491
11961
58001
43683
19723
30238
59784
86860
67047
22614
81808
44047
7794
97523
13133
36427
30568
88667
97913
12946
65873
34293
65962
9387
56645
76437
82841
23821
67357
90941
85668
20414
65181
22007
89523
3463
53856
16131
93474
43713
11779
28450
98800
1985
84322
34901
99162
18256
3800
67455
56131
4744
4629
37317
28528
5289
46186
7984
22543
41469
36497
54951
21601
22591
62110
4951
55329
97585
92145
27808
14063
9230
2009
91854
66517
47036
22703
35315
98995
44393
64832
45588
64253
99071
51471
80780
35689
18150
13421
96521
53118
18746
61806
81814
26458
3307
42567
6478
76555
49283
94921
55702
761
66628
3954
36740
21883
12167
69960
52605
10133
99905
17291
80534
34681
37218
89324
84545
25209
8000
66635
89205
50574
19399
75364
6356
29734
5790
72593
81967
13058
30018
37447
21524
64087
75745
41636
16560
37041
37
83092
71512
71276
28971
49639
24844
93520
54375
60143
78149
7766
54391
62481
97462
69902
15162
90999
23800
8175
21411
41619
27435
33356
79378
48436
7558
2294
48497
35999
21739
84797
56012
99327
72456
30580
84778
27862
78767
43882
17705
65850
54702
67609
45456
28298
66058
68689
19785
77456
15636
17168
15967
20596
23089
80324
2659
5747
60214
85767
28929
91946
77419
83297
63054
26345
5632
49081
66389
62407
77082
33
60636
29924
4824
24569
20823
51310
19232
7316
29497
10800
73839
32029
36128
97008
35152
66070
35085
22874
26419
37042
56274
286
76941
47950
33953
97654
95568
99080
50011
54483
76123
24201
12401
8833
19046
49828
13486
51956
88939
13765
69162
21653
19851
27841
46160
62162
13614
85921
24854
89212
19176
1247
56521
72252
27973
49578
46474
81845
44088
64479
53740
34198
78222
2718
82050
33667
76054
11845
16202
88580
685
36927
66997
92413
94994
72722
73420
4752
5594
45688
68122
32624
84728
33869
48761
41049
52167
96348
916
92003
88118
94285
50390
80915
49498
92008
50046
39553
71786
67088
14518
29078
65715
43206
13776
41338
20694
50439
4489
57804
2573
72338
39545
15158
90415
27059
42716
40325
964
58455
43156
36998
2133
1939
51026
57378
47486
64116
38936
82905
63480
84753
54421
89706
16315
83360
40292
42111
90852
44804
86106
28911
91252
84638
32708
34006
69401
32957
3408
60707
86316
13617
71361
76359
2684
25672
63782
86696
35504
37674
89882
82960
90921
69487
54493
43377
74807
14633
77243
32119
34025
35557
1997
55979
85769
62966
16678
10441
93361
92199
74046
95614
80762
14335
40492
94482
97927
47132
16566
67583
5099
30291
99518
52285
92159
20193
71013
87620
93556
17742
31295
68854
44416
99755
6852
18071
75481
88639
99545
42359
34291
41719
23980
27450
61530
93149
95301
3637
73055
28866
576
20197
21072
70379
13585
91498
25376
52713
1223
79116
40942
65703
49939
5615
85065
49627
32408
53173
46606
31917
45265
88757
55730
35891
8353
8473
64708
1061
13589
40972
78180
81756
15482
60807
13196
77999
52009
64827
75100
97880
67379
82267
45286
29577
78125
41268
90661
99856
7249
8808
56339
73467
97964
71408
32250
99788
31571
95990
89356
90590
43714
34163
90939
35216
57070
93691
12073
41024
98728
39162
64468
9647
14923
36594
6544
82365
82231
5804
33531
49483
45337
74911
27369
51443
97098
44603
17051
31055
83937
66184
18442
84526
21082
96591
31686
98325
21751
32134
96702
53977
37851
26015
1954
93271
59387
32058
54655
82683
