99994
99960
99949
99935
99934
99929
99921
99906
99903
99886
99883
99867
99864
99858
99852
99829
99828
99801
99782
99779
99775
99770
99761
99761
99761
99742
99735
99731
99715
99714
99709
99698
99689
99680
99679
99657
99653
99648
99644
99641
99574
99570
99567
99563
99558
99558
99555
99550
99541
99536
99523
99501
99500
99495
99494
99491
99469
99455
99437
99436
99435
99422
99412
99411
99408
99407
99406
99397
99387
99362
99357
99346
99345
99344
99343
99343
99318
99315
99294
99281
99277
99276
99268
99261
99256
99248
99241
99236
99232
99231
99224
99205
99202
99186
99186
99176
99165
99165
99163
99151
99126
99126
99126
99121
99114
99095
99082
99081
99022
99019
98988
98976
98964
98962
98960
98957
98956
98949
98944
98932
98916
98911
98910
98894
98868
98842
98810
98795
98788
98775
98761
98722
98699
98697
98678
98662
98661
98654
98651
98647
98641
98631
98623
98611
98611
98606
98603
98592
98579
98578
98571
98559
98539
98532
98522
98516
98515
98509
98497
98487
98462
98455
98454
98432
98416
98416
98408
98387
98384
98357
98356
98353
98350
98337
98313
98304
98304
98293
98293
98259
98253
98247
98239
98230
98217
98207
98202
98192
98190
98174
98162
98162
98158
98154
98146
98137
98132
98122
98090
98087
98071
98056
98045
98042
98035
98034
97996
97979
97975
97970
97928
97908
97902
97894
97874
97865
97844
97830
97819
97806
97799
97793
97786
97778
97773
97758
97755
97752
97739
97733
97720
97701
97682
97678
97672
97671
97648
97642
97639
97637
97635
97630
97615
97612
97609
97595
97587
97578
97577
97576
97569
97539
97538
97537
97537
97534
97528
97525
97519
97510
97494
97493
97483
97475
97474
97472
97469
97454
97401
97384
97377
97374
97364
97360
97359
97327
97327
97322
97322
97317
97316
97313
97309
97302
97275
97258
97231
97228
97226
97207
97202
97202
97199
97198
97190
97175
97157
97156
97147
97146
97140
97134
97107
97105
97092
97070
97069
97069
97062
97049
97041
97038
97020
97017
97016
97009
97006
96999
96994
96984
96981
96966
96962
96959
96951
96929
96909
96906
96896
96885
96879
96875
96859
96831
96830
96772
96772
96742
96733
96732
96722
96720
96719
96711
96709
96697
96694
96693
96685
96678
96676
96672
96648
96645
96625
96616
96613
96592
96587
96577
96574
96565
96552
96548
96523
96512
96503
96498
96497
96491
96470
96456
96444
96440
96432
96430
96424
96396
96390
96389
96370
96366
96350
96319
96312
96301
96294
96290
96285
96277
96259
96254
96251
96245
96220
96194
96186
96177
96175
96166
96159
96157
96146
96141
96137
96105
96093
96092
96079
96074
96069
96040
96031
96030
96024
95969
95968
95965
95947
95944
95943
95937
95919
95915
95889
95885
95856
95853
95852
95846
95844
95790
95789
95775
95762
95757
95739
95739
95734
95727
95715
95712
95706
95700
95696
95693
95681
95678
95677
95673
95669
95654
95654
95624
95623
95613
95610
95610
95604
95603
95584
95581
95568
95567
95560
95536
95532
95532
95528
95525
95523
95492
95489
95488
95488
95482
95471
95463
95451
95450
95444
95436
95436
95435
95425
95423
95411
95408
95405
95396
95393
95389
95384
95381
95359
95337
95334
95319
95298
95285
95272
95253
95249
95247
95241
95232
95232
95225
95220
95220
95218
95216
95214
95188
95186
95182
95167
95162
95156
95156
95154
95148
95145
95143
95131
95127
95124
95111
95101
95093
95084
95059
95048
95030
95019
95013
95012
95005
95004
94975
94965
94953
94948
94947
94942
94938
94934
94901
94875
94874
94839
94796
94780
94753
94743
94742
94720
94691
94690
94686
94643
94631
94629
94628
94623
94613
94584
94555
94538
94529
94526
94517
94516
94516
94511
94497
94428
94421
94403
94400
94397
94392
94385
94384
94364
94363
94351
94347
94330
94330
94328
94321
94295
94281
94279
94275
94254
94248
94223
94214
94208
94163
94156
94151
94147
94146
94141
94131
94117
94110
94107
94083
94066
94050
94045
94037
94031
94006
94004
94001
93995
93993
93989
93988
93984
93965
93961
93958
93956
93953
93948
93921
93919
93917
93904
93901
93894
93893
93882
93867
93867
93836
93808
93799
93781
93774
93770
93769
93757
93753
93699
93684
93683
93680
93677
93659
93646
93639
93625
93604
93581
93577
93570
93554
93539
93533
93527
93514
93496
93492
93485
93467
93451
93431
93412
93405
93399
93399
93398
93392
93384
93378
93368
93364
93363
93360
93353
93352
93342
93334
93330
93326
93312
93294
93292
93291
93275
93266
93264
93262
93253
93246
93244
93240
93239
93229
93214
93202
93202
93197
93180
93161
93156
93153
93147
93139
93137
93127
93121
93121
93118
93087
93081
93074
93055
93048
93046
93026
93025
93022
93020
93018
93006
92998
92984
92977
92974
92974
92965
92958
92957
92956
92955
92946
92939
92937
92934
92933
92924
92919
92910
92905
92884
92856
92855
92840
92831
92820
92807
92802
92800
92791
92782
92781
92769
92742
92732
92731
92727
92723
92713
92713
92707
92682
92677
92675
92658
92655
92645
92645
92638
92599
92593
92559
92549
92526
92526
92516
92513
92493
92483
92482
92480
92477
92472
92464
92463
92460
92441
92425
92421
92409
92407
92404
92395
92369
92369
92359
92359
92318
92314
92314
92288
92286
92281
92278
92248
92244
92233
92217
92209
92202
92200
92181
92168
92167
92154
92154
92146
92146
92123
92114
92110
92107
92097
92090
92089
92054
92047
92043
92036
92032
92031
92024
92011
92004
92002
91991
91989
91947
91933
91928
91917
91915
91907
91900
91892
91888
91862
91859
91858
91857
91848
91839
91838
91837
91831
91825
91824
91803
91802
91786
91773
91767
91765
91762
91733
91723
91721
91713
91706
91702
91700
91688
91685
91682
91671
91671
91658
91655
91645
91637
91614
91609
91599
91593
91590
91589
91586
91573
91561
91556
91550
91528
91528
91526
91526
91523
91519
91516
91515
91515
91506
91482
91470
91452
91448
91416
91414
91413
91408
91403
91398
91391
91383
91383
91381
91363
91361
91354
91343
91339
91324
91320
91309
91300
91288
91280
91277
91276
91251
91235
91228
91228
91228
91222
91202
91189
91183
91178
91169
91154
91154
91134
91129
91120
91102
91097
91096
91096
91094
91090
91081
91075
91065
91065
91046
91045
91044
91039
91038
91036
91034
91029
91025
91014
90993
90986
90980
90973
90961
90943
90940
90935
90926
90916
90903
90901
90882
90881
90879
90877
90870
90867
90845
90822
90809
90809
90799
90796
90781
90781
90780
90778
90778
90777
90753
90751
90748
90745
90745
90745
90732
90718
90698
90689
90671
90666
90645
90641
90636
90630
90623
90619
90616
90612
90592
90591
90584
90583
90573
90567
90545
90543
90506
90489
90463
90438
90438
90410
90409
90380
90356
90348
90346
90334
90326
90317
90314
90312
90303
90301
90288
90287
90287
90278
90251
90248
90241
90232
90218
90213
90212
90186
90174
90153
90139
90133
90127
90119
90114
90106
90101
90092
90089
90088
90077
90072
90069
90068
90064
90058
90036
90025
90008
89996
89972
89965
89956
89951
89937
89930
89929
89927
89925
89915
89915
89908
89900
89887
89882
89805
89790
89786
89785
89777
89738
89733
89730
89714
89694
89692
89680
89678
89650
89647
89642
89630
89592
89568
89566
89555
89536
89534
89529
89527
89502
89472
89452
89440
89420
89411
89408
89407
89397
89391
89382
89352
89339
89332
89331
89329
89328
89323
89314
89291
89287
89282
89281
89248
89242
89231
89208
89206
89206
89198
89195
89186
89183
89180
89124
89123
89118
89109
89108
89106
89060
89053
89044
89039
89018
89009
89003
88981
88963
88959
88956
88927
88918
88918
88907
88904
88893
88887
88882
88871
88870
88868
88865
88859
88858
88857
88854
88848
88846
88837
88835
88832
88820
88820
88818
88811
88799
88797
88764
88754
88733
88717
88716
88704
88671
88665
88653
88649
88647
88643
88637
88618
88599
88594
88557
88532
88532
88527
88511
88500
88494
88494
88493
88486
88472
88467
88462
88452
88451
88424
88354
88354
88321
88312
88307
88306
88300
88293
88291
88284
88275
88274
88272
88266
88250
88236
88230
88223
88217
88211
88206
88201
88199
88196
88187
88175
88173
88157
88156
88122
88117
88098
88094
88093
88092
88081
88079
88075
88065
88048
88033
88030
88015
88001
87994
87975
87963
87948
87942
87921
87917
87916
87915
87914
87913
87913
87855
87846
87841
87800
87799
87785
87784
87779
87761
87737
87734
87725
87710
87697
87671
87659
87659
87646
87646
87641
87635
87635
87629
87617
87616
87611
87563
87558
87552
87551
87547
87537
87536
87511
87497
87493
87450
87444
87441
87440
87436
87433
87430
87429
87428
87425
87421
87367
87359
87347
87339
87337
87325
87325
87318
87313
87307
87301
87290
87287
87286
87282
87259
87251
87241
87239
87214
87209
87203
87198
87188
87144
87130
87120
87113
87112
87111
87110
87103
87102
87101
87096
87095
87078
87078
87075
87046
87037
87035
87019
87016
87010
86994
86979
86967
86948
86936
86932
86922
86909
86907
86897
86891
86883
86880
86875
86851
86836
86829
86820
86817
86807
86804
86796
86795
86791
86788
86776
86773
86760
86755
86749
86739
86719
86713
86712
86704
86690
86688
86673
86671
86661
86660
86645
86634
86630
86613
86601
86599
86596
86570
86560
86549
86545
86544
86530
86526
86509
86509
86496
86493
86481
86455
86453
86436
86436
86403
86389
86378
86377
86375
86370
86367
86329
86325
86316
86310
86302
86275
86270
86261
86260
86255
86246
86243
86207
86195
86170
86159
86151
86144
86136
86133
86126
86119
86113
86105
86099
86082
86081
86072
86064
86051
86037
86029
86020
86016
85998
85994
85977
85974
85956
85954
85926
85921
85920
85899
85883
85856
85851
85835
85825
85819
85817
85814
85806
85801
85799
85795
85791
85786
85761
85743
85742
85739
85673
85672
85666
85663
85653
85640
85627
85621
85610
85593
85590
85585
85579
85560
85552
85550
85534
85520
85515
85513
85509
85508
85504
85499
85488
85454
85449
85449
85446
85441
85439
85434
85431
85430
85422
85419
85390
85342
85341
85312
85295
85289
85268
85265
85257
85255
85248
85247
85235
85224
85222
85220
85216
85211
85210
85206
85205
85204
85158
85141
85125
85123
85097
85087
85084
85083
85065
85062
85045
85044
85034
85017
85000
84993
84987
84982
84981
84970
84956
84951
84942
84940
84913
84899
84880
84850
84835
84819
84799
84774
84763
84737
84723
84720
84699
84691
84686
84684
84657
84657
84654
84641
84629
84622
84607
84603
84558
84550
84544
84540
84527
84520
84500
84469
84466
84451
84436
84424
84417
84397
84395
84392
84391
84384
84384
84381
84374
84372
84345
84316
84314
84314
84313
84308
84300
84294
84293
84273
84255
84252
84247
84241
84215
84214
84212
84198
84180
84170
84134
84133
84121
84111
84103
84102
84090
84085
84081
84077
84075
84072
84044
84037
84035
84034
83995
83956
83951
83941
83930
83920
83899
83888
83883
83882
83875
83867
83867
83866
83854
83840
83829
83826
83822
83797
83779
83770
83758
83733
83733
83732
83715
83693
83666
83657
83651
83635
83635
83632
83632
83617
83594
83584
83577
83574
83565
83560
83559
83556
83555
83549
83545
83529
83497
83471
83457
83448
83448
83434
83416
83407
83402
83384
83380
83370
83368
83360
83360
83356
83336
83330
83315
83312
83305
83273
83269
83267
83258
83256
83256
83247
83245
83244
83238
83227
83220
83207
83197
83187
83163
83161
83161
83150
83133
83125
83123
83102
83100
83099
83078
83061
83035
83016
82990
82989
82988
82982
82972
82970
82965
82965
82959
82951
82935
82929
82921
82919
82909
82907
82880
82876
82860
82854
82851
82851
82834
82827
82804
82800
82794
82785
82781
82778
82775
82773
82772
82771
82750
82727
82721
82717
82695
82688
82676
82647
82644
82642
82623
82619
82614
82609
82601
82590
82590
82582
82573
82573
82572
82563
82542
82532
82523
82516
82515
82495
82464
82462
82462
82444
82439
82438
82416
82403
82403
82396
82395
82380
82371
82364
82362
82355
82349
82343
82330
82304
82290
82287
82286
82269
82264
82250
82248
82235
82229
82227
82219
82206
82189
82165
82159
82149
82140
82139
82135
82134
82112
82109
82109
82071
82068
82053
82041
82038
82011
82008
81982
81974
81969
81960
81952
81933
81920
81915
81909
81891
81866
81853
81826
81814
81813
81797
81793
81789
81777
81773
81765
81760
81756
81752
81743
81731
81727
81724
81714
81709
81708
81696
81694
81671
81635
81623
81618
81618
81592
81589
81589
81574
81566
81556
81548
81544
81543
81540
81528
81521
81514
81506
81500
81493
81492
81486
81467
81463
81462
81452
81447
81395
81395
81393
81391
81378
81374
81369
81362
81361
81342
81340
81332
81327
81324
81308
81305
81303
81298
81295
81280
81278
81275
81274
81261
81257
81240
81234
81226
81214
81204
81197
81196
81186
81172
81161
81157
81135
81133
81126
81114
81110
81101
81080
81069
81057
81035
81027
81001
81000
80961
80955
80945
80941
80924
80912
80911
80910
80887
80885
80862
80855
80851
80839
80838
80823
80822
80819
80812
80807
80801
80797
80790
80786
80746
80745
80737
80736
80735
80728
80724
80721
80716
80716
80707
80703
80695
80672
80636
80634
80608
80603
80597
80583
80565
80538
80511
80507
80505
80501
80487
80479
80477
80473
80472
80464
80464
80460
80443
80436
80426
80426
80425
80415
80399
80388
80367
80367
80358
80348
80347
80336
80308
80304
80293
80291
80270
80241
80234
80222
80220
80214
80208
80205
80203
80198
80187
80186
80169
80169
80163
80139
80131
80122
80114
80113
80108
80108
80102
80100
80093
80091
80086
80060
80055
80046
80037
80029
80025
80022
79999
79997
79995
79959
79955
79953
79928
79926
79922
79886
79885
79882
79843
79842
79820
79811
79787
79783
79780
79758
79751
79739
79733
79729
79728
79721
79719
79719
79719
79716
79706
79703
79702
79699
79697
79693
79686
79682
79678
79664
79657
79650
79637
79634
79630
79614
79613
79585
79577
79564
79559
79548
79546
79540
79521
79509
79481
79472
79470
79457
79455
79436
79407
79400
79393
79358
79352
79348
79341
79333
79329
79323
79323
79314
79308
79294
79280
79274
79249
79248
79234
79232
79211
79208
79132
79118
79118
79110
79100
79100
79083
79083
79080
79065
79062
79055
79054
79043
79039
79025
79014
78977
78969
78962
78953
78952
78934
78919
78912
78912
78898
78886
78882
78863
78858
78848
78842
78828
78826
78811
78799
78790
78772
78761
78754
78751
78747
78689
78684
78681
78677
78675
78657
78652
78640
78630
78620
78617
78579
78564
78561
78533
78512
78512
78505
78478
78475
78468
78445
78436
78423
78362
78343
78316
78299
78297
78280
78265
78244
78242
78234
78231
78227
78212
78211
78189
78189
78186
78168
78167
78157
78137
78131
78117
78076
78064
78062
78038
78035
78030
78025
78015
77992
77989
77988
77979
77978
77970
77969
77954
77953
77947
77928
77894
77894
77876
77868
77853
77842
77827
77823
77809
77793
77792
77788
77766
77765
77735
77694
77690
77685
77679
77673
77670
77660
77659
77617
77606
77606
77602
77564
77551
77543
77529
77529
77523
77513
77508
77498
77474
77474
77461
77441
77439
77437
77434
77430
77428
77403
77383
77380
77356
77351
77351
77350
77342
77338
77333
77315
77284
77275
77268
77261
77254
77246
77244
77222
77216
77185
77177
77176
77176
77168
77158
77140
77135
77124
77118
77113
77105
77090
77081
77062
77057
77048
77047
77041
77028
77015
77015
77014
77010
77006
77004
76992
76982
76976
76969
76961
76959
76942
76920
76902
76895
76890
76885
76852
76840
76823
76810
76798
76795
76793
76782
76782
76759
76740
76737
76736
76729
76726
76725
76721
76715
76713
76676
76665
76662
76659
76658
76647
76638
76636
76600
76579
76543
76523
76521
76514
76514
76497
76485
76449
76438
76432
76428
76426
76423
76414
76357
76357
76342
76339
76310
76298
76274
76272
76266
76264
76249
76231
76229
76215
76211
76202
76179
76162
76161
76160
76155
76151
76117
76117
76115
76106
76103
76092
76054
76052
76025
76025
76022
76012
76000
75992
75987
75973
75965
75945
75940
75926
75923
75910
75881
75880
75873
75861
75853
75850
75847
75841
75839
75838
75836
75818
75800
75784
75770
75768
75752
75741
75734
75724
75713
75710
75705
75652
75622
75601
75598
75585
75558
75556
75533
75529
75521
75471
75455
75397
75396
75394
75373
75370
75365
75358
75352
75332
75332
75316
75312
75309
75308
75301
75291
75264
75261
75237
75228
75223
75205
75204
75200
75189
75189
75174
75168
75167
75166
75165
75164
75164
75163
75158
75155
75150
75150
75148
75144
75140
75137
75134
75112
75083
75065
75052
75027
75015
75002
74993
74992
74992
74991
74977
74970
74956
74953
74946
74940
74931
74923
74919
74906
74903
74900
74886
74884
74869
74838
74838
74807
74807
74807
74792
74791
74781
74763
74759
74756
74749
74731
74729
74721
74674
74665
74664
74663
74656
74650
74644
74641
74626
74612
74607
74604
74596
74590
74566
74566
74563
74555
74554
74546
74537
74520
74516
74507
74501
74484
74480
74468
74461
74442
74431
74406
74374
74348
74331
74327
74316
74312
74311
74305
74294
74292
74282
74281
74268
74265
74245
74241
74240
74228
74221
74209
74186
74180
74171
74167
74151
74143
74142
74127
74117
74117
74078
74047
74046
74040
74039
74037
74017
74013
73995
73970
73965
73963
73928
73918
73909
73902
73882
73868
73860
73830
73812
73807
73786
73783
73747
73738
73732
73727
73713
73702
73695
73657
73643
73632
73626
73621
73609
73606
73597
73590
73583
73577
73555
73550
73537
73535
73528
73527
73517
73515
73506
73502
73492
73485
73476
73475
73464
73460
73449
73443
73433
73431
73423
73405
73391
73387
73379
73322
73318
73305
73304
73299
73299
73274
73268
73267
73263
73260
73244
73219
73210
73206
73176
73170
73165
73151
73151
73149
73136
73119
73114
73111
73092
73074
73062
73051
73041
73039
73027
73024
73018
73010
73007
73005
73001
72992
72984
72981
72973
72968
72963
72952
72949
72944
72943
72941
72935
72926
72919
72911
72868
72867
72867
72838
72836
72832
72815
72807
72806
72801
72788
72782
72759
72747
72746
72740
72735
72729
72711
72710
72710
72708
72700
72692
72680
72678
72670
72648
72623
72611
72601
72597
72594
72585
72578
72556
72549
72542
72494
72480
72479
72479
72473
72472
72467
72462
72457
72444
72414
72405
72405
72404
72384
72381
72380
72348
72336
72335
72316
72302
72297
72284
72244
72244
72201
72186
72181
72176
72170
72170
72160
72104
72089
72085
72066
72062
72060
72057
72055
72054
72041
72039
72017
72015
72014
72002
71998
71986
71984
71980
71959
71941
71939
71899
71888
71857
71848
71846
71846
71829
71828
71819
71803
71799
71791
71790
71767
71763
71731
71717
71713
71706
71702
71702
71694
71692
71689
71687
71674
71669
71647
71639
71632
71626
71608
71580
71571
71566
71550
71546
71540
71537
71520
71516
71509
71509
71474
71468
71446
71445
71421
71417
71407
71407
71401
71381
71379
71371
71371
71365
71363
71349
71348
71345
71335
71332
71328
71282
71266
71264
71263
71260
71257
71243
71236
71198
71197
71187
71182
71147
71133
71118
71090
71089
71082
71080
71072
71040
71030
71026
71022
71012
70963
70942
70932
70930
70927
70926
70912
70905
70904
70899
70897
70897
70885
70875
70870
70867
70863
70862
70860
70826
70795
70784
70778
70769
70766
70762
70753
70750
70739
70730
70730
70729
70721
70711
70709
70691
70680
70676
70658
70658
70639
70632
70628
70623
70623
70571
70564
70556
70524
70521
70519
70504
70500
70497
70494
70486
70478
70477
70447
70427
70418
70407
70406
70402
70322
70318
70315
70307
70281
70275
70272
70266
70241
70219
70216
70192
70186
70176
70167
70165
70146
70144
70139
70125
70102
70091
70082
70075
70071
70068
70063
70062
70053
70053
70042
70035
70033
70027
70026
70013
69997
69985
69971
69942
69937
69920
69914
69914
69893
69892
69891
69882
69870
69859
69835
69835
69821
69798
69798
69782
69776
69775
69774
69768
69765
69763
69743
69739
69703
69694
69690
69684
69678
69662
69656
69653
69630
69630
69623
69612
69609
69591
69589
69578
69574
69563
69550
69549
69542
69531
69523
69521
69516
69501
69475
69474
69472
69471
69452
69448
69437
69431
69403
69402
69397
69390
69375
69360
69357
69342
69335
69331
69326
69322
69320
69319
69310
69303
69295
69277
69274
69274
69269
69242
69239
69230
69182
69161
69149
69144
69138
69138
69138
69134
69127
69113
69113
69111
69094
69092
69072
69056
69056
69051
69051
69047
69032
69030
69006
69005
69004
68995
68994
68983
68983
68979
68928
68925
68922
68919
68917
68913
68904
68902
68881
68843
68825
68824
68808
68807
68806
68805
68800
68793
68784
68772
68726
68708
68698
68696
68680
68679
68673
68647
68640
68626
68608
68607
68604
68584
68562
68550
68547
68535
68514
68503
68465
68464
68459
68458
68451
68448
68433
68433
68431
68429
68424
68410
68410
68379
68370
68369
68369
68349
68341
68327
68325
68294
68276
68250
68233
68200
68172
68170
68169
68161
68145
68141
68129
68128
68126
68125
68107
68101
68099
68085
68083
68073
68072
68072
68066
68047
68046
68045
68042
68030
68019
68018
68014
67987
67987
67980
67972
67965
67932
67911
67887
67884
67868
67867
67844
67839
67831
67831
67828
67827
67826
67825
67812
67811
67789
67789
67781
67779
67765
67761
67738
67710
67710
67703
67697
67685
67683
67661
67656
67638
67624
67618
67604
67602
67587
67576
67546
67545
67543
67542
67521
67521
67487
67487
67485
67484
67476
67460
67459
67455
67441
67431
67403
67390
67387
67386
67371
67370
67366
67359
67337
67331
67331
67330
67312
67311
67301
67264
67260
67257
67250
67247
67233
67201
67191
67188
67187
67182
67182
67174
67168
67158
67147
67143
67127
67112
67107
67107
67062
67054
67020
67009
66975
66968
66962
66950
66943
66921
66920
66912
66908
66889
66883
66872
66869
66861
66842
66835
66832
66820
66818
66817
66814
66814
66797
66785
66767
66754
66751
66744
66741
66737
66734
66733
66714
66706
66688
66685
66675
66672
66657
66655
66651
66651
66646
66643
66617
66606
66597
66585
66576
66567
66527
66490
66478
66439
66438
66425
66423
66402
66402
66369
66347
66331
66328
66320
66290
66287
66277
66268
66259
66252
66251
66242
66228
66219
66213
66212
66163
66163
66162
66144
66140
66138
66130
66127
66113
66105
66100
66099
66075
66072
66060
66047
66032
66011
66010
65999
65995
65985
65979
65967
65967
65932
65930
65924
65914
65905
65891
65886
65880
65857
65849
65846
65836
65831
65822
65808
65786
65783
65777
65777
65765
65755
65746
65737
65731
65724
65719
65714
65656
65655
65653
65647
65644
65627
65621
65595
65589
65589
65526
65526
65511
65509
65498
65490
65487
65484
65479
65476
65461
65450
65434
65398
65379
65371
65350
65343
65330
65323
65311
65291
65289
65272
65272
65264
65254
65251
65243
65230
65224
65209
65202
65198
65184
65148
65147
65145
65137
65131
65122
65115
65107
65093
65088
65075
65068
65043
65031
65023
65013
65013
65013
64998
64997
64994
64976
64974
64973
64963
64952
64952
64947
64935
64913
64909
64893
64867
64836
64828
64816
64811
64797
64795
64794
64768
64763
64752
64750
64723
64712
64710
64707
64697
64689
64683
64679
64658
64658
64650
64640
64632
64626
64623
64621
64621
64618
64606
64589
64585
64574
64549
64536
64527
64509
64500
64486
64453
64451
64430
64408
64372
64369
64361
64315
64304
64302
64284
64271
64261
64258
64257
64249
64247
64245
64240
64237
64228
64223
64222
64218
64214
64194
64194
64190
64189
64181
64171
64170
64169
64167
64158
64132
64099
64083
64061
64059
64057
64054
64048
64046
64040
64037
64018
64010
64007
64006
63975
63955
63930
63902
63899
63885
63884
63882
63879
63878
63878
63871
63866
63861
63849
63830
63826
63817
63803
63800
63750
63716
63708
63682
63681
63678
63672
63667
63663
63660
63654
63652
63615
63609
63585
63574
63541
63538
63532
63527
63523
63521
63520
63513
63487
63484
63446
63444
63436
63435
63431
63429
63424
63410
63400
63395
63386
63358
63330
63329
63306
63290
63289
63286
63274
63269
63264
63263
63238
63217
63213
63202
63179
63165
63157
63127
63127
63113
63112
63100
63090
63085
63079
63051
63032
63024
63023
63019
63018
63013
63009
62996
62987
62977
62944
62901
62892
62878
62869
62867
62863
62854
62825
62808
62793
62775
62763
62755
62719
62710
62705
62697
62694
62666
62659
62651
62628
62628
62620
62617
62597
62597
62581
62575
62574
62524
62520
62519
62501
62500
62496
62489
62488
62484
62480
62472
62457
62451
62424
62423
62422
62391
62354
62353
62335
62333
62331
62330
62326
62318
62314
62311
62303
62302
62300
62288
62286
62278
62275
62264
62257
62254
62237
62214
62212
62204
62196
62192
62189
62185
62182
62181
62164
62161
62155
62136
62127
62098
62091
62079
62076
62075
62057
62056
62034
62033
62032
62025
62018
61987
61985
61949
61930
61916
61915
61915
61910
61895
61893
61877
61869
61849
61840
61828
61827
61780
61776
61761
61755
61717
61687
61686
61677
61670
61662
61656
61647
61646
61645
61641
61637
61625
61596
61580
61573
61563
61562
61561
61560
61557
61557
61552
61539
61522
61514
61504
61497
61493
61486
61484
61480
61458
61455
61442
61441
61413
61408
61404
61389
61382
61370
61369
61364
61358
61336
61325
61310
61297
61292
61284
61275
61264
61255
61249
61244
61232
61226
61223
61211
61208
61189
61187
61182
61172
61158
61154
61152
61147
61131
61124
61106
61106
61099
61095
61089
61086
61082
61081
61080
61070
61063
61053
61042
61032
61025
61024
61017
61015
61014
61008
61008
61008
61003
60994
60988
60985
60971
60969
60962
60942
60922
60919
60877
60874
60852
60837
60828
60823
60816
60805
60792
60774
60774
60765
60759
60758
60752
60742
60742
60735
60730
60726
60685
60685
60671
60646
60631
60624
60622
60579
60577
60569
60551
60543
60543
60531
60529
60528
60501
60493
60471
60470
60460
60456
60450
60421
60405
60381
60371
60363
60343
60338
60329
60278
60273
60268
60263
60253
60232
60231
60223
60212
60211
60194
60164
60146
60128
60123
60114
60107
60090
60089
60076
60071
60065
60063
60060
60047
60044
60034
60032
60031
60029
60028
60022
60019
60018
60013
60012
59995
59976
59976
59973
59929
59922
59901
59890
59874
59845
59840
59829
59820
59796
59795
59790
59790
59788
59785
59762
59754
59744
59743
59733
59724
59721
59719
59684
59680
59673
59664
59658
59648
59623
59611
59611
59607
59603
59601
59600
59589
59578
59576
59575
59570
59542
59520
59519
59502
59500
59499
59494
59493
59493
59485
59465
59458
59440
59428
59423
59421
59412
59401
59400
59389
59367
59358
59355
59347
59347
59345
59339
59333
59330
59328
59320
59318
59306
59304
59301
59295
59286
59260
59248
59244
59238
59234
59233
59222
59219
59216
59213
59190
59190
59185
59180
59173
59172
59172
59155
59143
59136
59134
59134
59130
59129
59118
59118
59115
59111
59109
59088
59074
59069
59024
59002
58986
58981
58979
58977
58975
58963
58962
58949
58945
58934
58931
58926
58925
58905
58854
58853
58849
58846
58843
58830
58818
58810
58802
58797
58768
58763
58743
58738
58734
58719
58715
58695
58693
58693
58692
58672
58662
58648
58613
58612
58595
58588
58586
58524
58510
58509
58504
58498
58496
58485
58485
58481
58474
58469
58464
58456
58449
58448
58439
58418
58402
58391
58378
58355
58354
58353
58352
58346
58337
58337
58333
58325
58309
58299
58264
58261
58243
58241
58223
58191
58180
58172
58163
58154
58152
58142
58108
58098
58081
58079
58078
58071
58071
58055
58044
58040
58035
58033
58023
58022
58021
58018
58010
58003
58000
57997
57990
57984
57968
57966
57955
57916
57915
57908
57907
57876
57867
57864
57856
57838
57811
57804
57788
57773
57766
57726
57706
57701
57694
57685
57670
57658
57646
57639
57639
57629
57609
57596
57557
57538
57538
57534
57528
57525
57525
57512
57505
57475
57454
57433
57414
57409
57397
57391
57389
57349
57345
57344
57339
57338
57325
57316
57300
57293
57283
57250
57247
57240
57229
57223
57190
57183
57172
57170
57147
57141
57127
57116
57101
57082
57074
57059
57056
57036
57036
57034
57034
57029
57019
57012
57010
57008
56983
56975
56973
56938
56936
56902
56873
56854
56828
56821
56817
56808
56763
56736
56735
56730
56721
56710
56705
56705
56699
56698
56675
56650
56647
56637
56637
56636
56629
56603
56580
56566
56549
56523
56516
56506
56494
56493
56492
56472
56462
56461
56456
56455
56454
56423
56406
56401
56399
56394
56386
56382
56354
56340
56336
56326
56325
56308
56306
56297
56296
56255
56253
56247
56237
56224
56189
56189
56188
56181
56174
56174
56172
56167
56160
56143
56143
56140
56133
56124
56109
56078
56066
56065
56052
56014
55998
55959
55957
55935
55925
55924
55883
55881
55878
55875
55874
55865
55840
55839
55814
55806
55805
55804
55797
55796
55786
55778
55764
55753
55746
55742
55738
55732
55730
55729
55724
55721
55697
55696
55679
55676
55671
55668
55641
55635
55625
55617
55600
55556
55531
55531
55530
55529
55522
55516
55507
55477
55450
55444
55415
55412
55404
55402
55384
55346
55346
55328
55321
55285
55284
55282
55271
55261
55250
55238
55229
55225
55216
55207
55205
55200
55187
55182
55152
55124
55079
55076
55074
55071
55064
55057
55048
55045
55038
55033
55032
55030
55026
55011
54992
54991
54987
54975
54945
54941
54939
54926
54924
54903
54900
54892
54885
54882
54882
54867
54858
54855
54843
54839
54837
54832
54827
54827
54824
54815
54809
54804
54795
54772
54767
54760
54757
54723
54723
54707
54699
54679
54677
54677
54659
54647
54646
54634
54623
54593
54573
54569
54566
54563
54560
54556
54547
54536
54510
54490
54483
54480
54441
54437
54430
54415
54412
54390
54366
54340
54339
54327
54320
54319
54317
54297
54292
54276
54242
54238
54232
54204
54167
54146
54133
54115
54115
54108
54108
54099
54073
54050
54034
54026
54018
54018
53999
53984
53977
53965
53955
53954
53945
53939
53920
53909
53895
53885
53878
53860
53859
53853
53849
53843
53832
53824
53817
53792
53789
53785
53768
53764
53763
53758
53750
53739
53732
53723
53686
53683
53678
53669
53643
53636
53620
53610
53608
53607
53595
53590
53583
53574
53550
53535
53521
53519
53518
53507
53505
53504
53502
53484
53469
53460
53432
53417
53409
53395
53392
53366
53362
53358
53354
53347
53345
53340
53327
53309
53308
53291
53289
53284
53277
53234
53231
53230
53227
53223
53222
53221
53219
53201
53184
53176
53163
53160
53152
53148
53142
53132
53117
53102
53099
53092
53088
53085
53060
53055
53031
53021
53004
53002
52995
52976
52972
52971
52971
52949
52949
52931
52912
52907
52905
52904
52887
52880
52853
52833
52796
52796
52756
52749
52734
52730
52717
52716
52707
52692
52687
52683
52677
52660
52656
52631
52617
52614
52601
52599
52594
52579
52577
52573
52562
52558
52558
52552
52546
52531
52517
52512
52510
52509
52507
52491
52483
52482
52475
52470
52468
52460
52448
52439
52439
52429
52417
52411
52407
52401
52390
52369
52369
52363
52355
52354
52317
52304
52301
52283
52277
52268
52264
52261
52260
52257
52256
52256
52250
52239
52230
52229
52221
52213
52211
52203
52187
52187
52183
52175
52171
52169
52169
52168
52127
52105
52094
52083
52064
52057
52053
52032
52013
52011
52006
52004
52001
51995
51989
51986
51977
51965
51951
51941
51933
51915
51914
51914
51914
51913
51904
51904
51901
51899
51896
51890
51858
51833
51817
51814
51805
51779
51763
51753
51751
51743
51724
51715
51711
51687
51679
51674
51661
51657
51656
51643
51628
51620
51603
51588
51565
51560
51559
51558
51536
51525
51518
51516
51496
51482
51447
51393
51371
51363
51363
51354
51334
51318
51312
51307
51291
51276
51267
51259
51253
51253
51251
51230
51226
51220
51218
51212
51204
51191
51191
51184
51179
51165
51154
51125
51116
51111
51101
51098
51092
51085
51079
51069
51056
51051
51050
51041
51040
51039
51010
50989
50988
50988
50977
50956
50931
50926
50894
50873
50830
50793
50783
50764
50761
50749
50736
50722
50718
50716
50715
50699
50690
50676
50665
50664
50660
50660
50658
50654
50628
50625
50621
50589
50587
50585
50585
50558
50553
50551
50549
50543
50543
50530
50523
50514
50508
50501
50482
50468
50468
50465
50464
50455
50443
50429
50422
50395
50390
50344
50341
50336
50322
50298
50258
50251
50245
50235
50233
50232
50214
50213
50213
50198
50188
50182
50163
50126
50125
50099
50083
50079
50079
50074
50073
50070
50021
50018
50017
50009
50007
50007
50002
49999
49992
49990
49978
49942
49936
49935
49917
49914
49908
49893
49885
49846
49816
49808
49793
49765
49751
49745
49742
49735
49721
49707
49705
49702
49691
49680
49672
49660
49646
49643
49643
49639
49624
49619
49610
49603
49591
49586
49586
49569
49558
49558
49557
49549
49547
49539
49537
49536
49534
49523
49515
49509
49507
49445
49434
49412
49392
49392
49384
49382
49369
49348
49337
49337
49330
49318
49307
49302
49301
49299
49294
49284
49283
49271
49265
49262
49257
49247
49245
49212
49193
49172
49168
49143
49116
49100
49099
49094
49061
49055
49035
49022
49021
49012
49009
49006
48977
48964
48958
48941
48934
48932
48923
48912
48897
48890
48868
48855
48854
48844
48808
48808
48793
48793
48782
48751
48734
48734
48729
48723
48712
48656
48652
48651
48651
48647
48637
48636
48613
48563
48544
48543
48541
48527
48522
48493
48479
48477
48472
48472
48461
48452
48443
48434
48398
48382
48375
48363
48348
48345
48344
48342
48332
48316
48315
48310
48298
48290
48282
48237
48236
48223
48213
48213
48212
48211
48207
48188
48173
48173
48161
48158
48151
48123
48120
48103
48100
48083
48082
48081
48060
48043
48031
48031
48018
48012
47993
47981
47942
47926
47900
47893
47888
47885
47875
47868
47865
47841
47840
47781
47772
47770
47762
47750
47705
47667
47655
47648
47640
47635
47635
47603
47594
47587
47586
47579
47578
47564
47561
47543
47526
47518
47487
47479
47470
47468
47457
47456
47450
47432
47428
47423
47414
47414
47402
47395
47395
47392
47385
47379
47357
47346
47331
47317
47314
47306
47303
47282
47262
47258
47243
47208
47206
47201
47201
47170
47152
47151
47144
47131
47127
47120
47118
47111
47084
47082
47075
47068
47058
47055
47045
47043
47035
47028
47020
47019
47017
46997
46994
46984
46983
46976
46962
46948
46945
46944
46942
46925
46914
46910
46895
46894
46877
46877
46868
46860
46852
46829
46827
46820
46808
46805
46803
46793
46751
46750
46743
46742
46729
46722
46710
46682
46681
46673
46666
46657
46648
46645
46622
46578
46550
46530
46519
46509
46496
46492
46487
46483
46482
46482
46481
46478
46456
46456
46452
46442
46417
46410
46390
46387
46387
46382
46378
46376
46365
46360
46349
46348
46342
46342
46303
46297
46297
46283
46282
46278
46268
46267
46260
46240
46217
46204
46188
46173
46160
46160
46149
46143
46133
46124
46124
46113
46109
46104
46103
46097
46085
46066
46066
46039
46030
46021
46004
45993
45980
45966
45956
45922
45912
45901
45896
45893
45889
45884
45870
45852
45846
45837
45836
45832
45830
45823
45801
45795
45784
45781
45777
45776
45767
45748
45744
45736
45721
45713
45713
45713
45690
45689
45660
45651
45646
45625
45622
45596
45583
45583
45577
45562
45558
45543
45534
45531
45491
45489
45478
45475
45450
45443
45439
45439
45405
45403
45396
45395
45381
45369
45364
45330
45328
45326
45323
45312
45312
45305
45291
45285
45254
45251
45241
45223
45220
45203
45189
45163
45154
45151
45145
45142
45133
45124
45097
45096
45094
45089
45086
45085
45078
45056
45010
44993
44993
44978
44973
44967
44961
44958
44951
44945
44940
44938
44930
44918
44887
44880
44876
44854
44842
44828
44815
44815
44775
44772
44770
44765
44757
44749
44714
44669
44658
44630
44627
44618
44599
44594
44592
44585
44584
44581
44580
44553
44535
44531
44530
44521
44464
44459
44456
44452
44443
44426
44413
44406
44395
44386
44384
44381
44376
44350
44344
44336
44335
44331
44324
44312
44302
44279
44271
44259
44236
44235
44226
44212
44203
44200
44190
44187
44180
44174
44152
44152
44143
44135
44131
44125
44103
44091
44071
44059
44047
44035
44031
44029
44026
44026
44000
43986
43981
43960
43957
43956
43949
43947
43941
43938
43920
43915
43906
43900
43892
43885
43866
43850
43840
43831
43826
43819
43814
43794
43776
43770
43769
43762
43756
43752
43740
43739
43737
43720
43695
43692
43675
43670
43663
43655
43637
43633
43631
43612
43589
43582
43576
43574
43564
43552
43543
43538
43530
43521
43508
43486
43482
43480
43478
43477
43448
43446
43444
43440
43435
43433
43431
43426
43411
43409
43396
43370
43346
43341
43338
43327
43304
43301
43287
43282
43280
43269
43268
43260
43260
43255
43246
43243
43236
43229
43225
43215
43214
43197
43194
43188
43183
43148
43126
43121
43096
43095
43090
43073
43044
43029
43021
43018
43009
42977
42976
42965
42949
42947
42938
42905
42892
42886
42875
42872
42865
42858
42844
42825
42807
42798
42789
42767
42761
42760
42756
42756
42736
42698
42687
42669
42668
42662
42662
42659
42634
42628
42619
42590
42569
42553
42497
42483
42476
42474
42470
42468
42423
42413
42400
42391
42385
42375
42375
42368
42356
42346
42339
42338
42327
42326
42322
42309
42288
42282
42277
42266
42263
42258
42256
42231
42229
42228
42212
42207
42200
42193
42177
42153
42152
42150
42128
42124
42119
42115
42106
42101
42097
42092
42090
42085
42082
42080
42074
42071
42048
42044
42043
42037
42031
42016
42003
41998
41973
41968
41964
41938
41915
41909
41908
41907
41905
41902
41902
41858
41841
41813
41808
41785
41781
41776
41736
41729
41710
41695
41669
41657
41652
41647
41641
41636
41621
41603
41588
41586
41573
41569
41565
41533
41524
41501
41491
41468
41442
41431
41431
41392
41383
41381
41376
41364
41361
41352
41336
41325
41307
41296
41270
41261
41248
41247
41242
41236
41228
41204
41195
41166
41165
41164
41156
41156
41140
41136
41135
41132
41128
41126
41126
41117
41114
41104
41072
41054
41040
41036
41018
41014
41012
40984
40980
40970
40969
40936
40910
40908
40907
40904
40887
40879
40856
40848
40814
40808
40796
40746
40744
40736
40735
40728
40700
40693
40681
40667
40656
40651
40638
40629
40624
40616
40614
40609
40595
40578
40571
40556
40548
40538
40517
40509
40490
40482
40467
40409
40408
40379
40365
40364
40364
40338
40328
40298
40268
40261
40215
40188
40185
40178
40177
40168
40144
40139
40135
40103
40092
40088
40085
40053
40034
40024
40022
40022
40019
40012
39994
39984
39984
39975
39974
39974
39959
39946
39908
39901
39900
39890
39887
39878
39873
39872
39856
39810
39801
39786
39777
39772
39743
39706
39702
39701
39691
39685
39672
39657
39657
39648
39638
39637
39629
39596
39580
39570
39565
39553
39532
39524
39522
39521
39513
39508
39499
39481
39468
39466
39466
39457
39452
39451
39447
39447
39438
39426
39420
39382
39379
39365
39352
39351
39350
39336
39332
39273
39269
39261
39253
39247
39244
39235
39234
39230
39201
39181
39166
39153
39148
39148
39104
39084
39079
39064
39051
39049
39029
39015
39015
39004
38996
38995
38990
38974
38969
38949
38915
38914
38895
38892
38891
38882
38882
38871
38868
38868
38837
38829
38810
38809
38808
38804
38797
38790
38785
38783
38758
38726
38722
38714
38707
38699
38697
38671
38670
38647
38630
38613
38587
38579
38574
38571
38570
38565
38557
38539
38533
38518
38516
38516
38512
38510
38506
38496
38486
38473
38452
38446
38440
38436
38432
38430
38413
38408
38400
38363
38350
38345
38342
38333
38323
38234
38234
38229
38207
38199
38186
38172
38161
38145
38143
38140
38111
38081
38056
38048
38044
38038
38029
38004
37994
37980
37966
37957
37944
37917
37912
37904
37877
37868
37860
37848
37842
37823
37819
37814
37783
37776
37768
37747
37719
37714
37713
37712
37704
37679
37677
37675
37667
37657
37640
37638
37632
37629
37628
37627
37620
37607
37603
37600
37577
37545
37537
37531
37520
37503
37500
37491
37451
37439
37434
37433
37428
37414
37392
37378
37342
37338
37327
37254
37254
37248
37238
37219
37210
37209
37195
37172
37162
37160
37144
37140
37136
37079
37059
37055
37050
37040
37035
37031
37023
37016
37009
37009
37004
36990
36969
36969
36964
36960
36954
36943
36929
36908
36885
36879
36875
36833
36827
36826
36807
36770
36767
36764
36763
36726
36713
36704
36703
36674
36656
36654
36649
36628
36613
36608
36606
36596
36594
36592
36591
36590
36583
36576
36550
36536
36527
36525
36507
36507
36501
36499
36496
36489
36470
36464
36459
36443
36435
36423
36412
36403
36386
36384
36353
36352
36340
36338
36333
36332
36328
36328
36325
36314
36302
36301
36294
36285
36246
36245
36244
36241
36219
36210
36169
36163
36162
36156
36135
36090
36083
36083
36080
36064
36042
36038
36027
36025
36019
36018
36015
36003
35987
35982
35978
35972
35966
35963
35958
35939
35912
35907
35903
35895
35890
35883
35866
35852
35841
35828
35826
35813
35813
35811
35810
35807
35806
35794
35774
35759
35754
35734
35714
35692
35687
35684
35682
35682
35669
35667
35661
35637
35630
35574
35572
35572
35560
35550
35538
35526
35513
35510
35497
35457
35451
35446
35441
35418
35414
35413
35411
35411
35402
35401
35377
35376
35358
35352
35336
35305
35290
35286
35268
35257
35247
35235
35229
35227
35225
35217
35209
35209
35205
35203
35201
35167
35165
35164
35162
35150
35140
35130
35126
35114
35108
35106
35093
35082
35059
35057
35049
35027
35022
35016
35015
35015
35004
34994
34990
34983
34979
34973
34973
34971
34955
34950
34946
34939
34933
34930
34915
34890
34878
34877
34867
34845
34828
34825
34825
34808
34801
34790
34789
34759
34751
34737
34735
34722
34715
34715
34713
34695
34692
34681
34680
34676
34674
34665
34665
34655
34638
34632
34622
34600
34578
34571
34567
34567
34562
34544
34543
34537
34521
34511
34510
34476
34473
34467
34465
34451
34450
34422
34416
34416
34402
34391
34385
34372
34358
34347
34337
34331
34328
34327
34327
34300
34299
34298
34272
34270
34262
34260
34260
34259
34254
34245
34243
34213
34200
34190
34179
34170
34168
34154
34135
34128
34096
34070
34069
34068
34058
34057
34049
34046
34037
34033
34015
34015
33992
33981
33975
33974
33973
33971
33968
33961
33958
33955
33946
33938
33934
33907
33898
33878
33859
33846
33841
33829
33827
33818
33809
33788
33781
33767
33763
33763
33762
33759
33739
33737
33731
33725
33724
33716
33710
33707
33683
33663
33649
33647
33645
33643
33634
33621
33619
33593
33587
33586
33577
33559
33558
33536
33502
33495
33493
33484
33483
33468
33457
33451
33450
33441
33428
33409
33404
33401
33399
33398
33389
33375
33366
33364
33359
33359
33353
33329
33328
33303
33298
33292
33291
33281
33281
33257
33240
33240
33238
33233
33232
33204
33202
33201
33195
33182
33180
33165
33157
33155
33151
33133
33099
33098
33097
33079
33078
33072
33066
33056
33048
33047
33037
33016
32990
32986
32983
32948
32909
32891
32890
32883
32877
32831
32808
32798
32791
32784
32779
32778
32777
32774
32768
32753
32736
32710
32706
32694
32683
32680
32678
32657
32650
32642
32635
32582
32581
32576
32569
32554
32554
32552
32546
32542
32539
32530
32525
32523
32519
32513
32513
32510
32504
32480
32474
32469
32463
32450
32441
32438
32431
32431
32423
32423
32415
32414
32397
32392
32390
32384
32377
32376
32351
32340
32328
32313
32297
32297
32291
32272
32252
32202
32185
32173
32173
32143
32141
32140
32108
32086
32080
32068
32023
32021
32015
32010
31999
31998
31957
31927
31923
31903
31899
31884
31872
31855
31841
31830
31828
31823
31817
31817
31810
31785
31774
31750
31737
31728
31713
31667
31663
31652
31650
31645
31643
31639
31629
31627
31605
31604
31580
31571
31547
31545
31535
31521
31509
31501
31492
31475
31460
31458
31456
31451
31446
31441
31428
31426
31424
31391
31386
31374
31371
31364
31362
31344
31344
31324
31322
31319
31311
31310
31301
31273
31250
31243
31230
31205
31198
31189
31179
31170
31170
31151
31141
31133
31125
31121
31105
31084
31069
31066
31044
31037
31034
31030
31003
30973
30926
30922
30909
30900
30883
30856
30855
30848
30846
30825
30806
30798
30755
30751
30746
30740
30735
30726
30706
30703
30674
30646
30641
30637
30633
30621
30621
30619
30600
30599
30598
30591
30588
30582
30575
30571
30563
30551
30545
30545
30531
30522
30520
30518
30503
30488
30486
30481
30479
30458
30456
30453
30453
30435
30427
30427
30406
30398
30390
30378
30368
30364
30363
30359
30359
30357
30343
30329
30327
30321
30316
30315
30315
30310
30274
30259
30255
30249
30245
30238
30236
30235
30234
30226
30221
30202
30197
30193
30192
30171
30170
30161
30132
30123
30112
30085
30052
30046
30042
30027
30025
30014
30004
29998
29989
29981
29980
29979
29955
29942
29940
29922
29912
29879
29872
29860
29860
29850
29844
29829
29829
29821
29819
29818
29813
29801
29758
29755
29747
29737
29726
29706
29692
29650
29642
29638
29635
29631
29628
29628
29617
29616
29612
29602
29572
29566
29561
29559
29559
29551
29537
29530
29526
29525
29515
29511
29509
29499
29487
29486
29472
29458
29450
29435
29425
29395
29392
29390
29386
29369
29363
29362
29361
29352
29311
29304
29289
29286
29286
29268
29256
29236
29235
29235
29218
29206
29206
29198
29194
29192
29189
29169
29161
29135
29128
29092
29088
29083
29079
29070
29068
29050
29048
29042
29042
29037
29023
29021
29011
29000
28993
28986
28985
28976
28964
28944
28944
28939
28927
28923
28921
28915
28879
28872
28868
28853
28850
28809
28808
28779
28767
28756
28752
28715
28692
28691
28690
28673
28656
28651
28642
28630
28619
28598
28577
28576
28573
28557
28548
28545
28544
28542
28533
28531
28526
28512
28510
28508
28506
28504
28493
28486
28484
28483
28471
28427
28424
28409
28404
28396
28386
28381
28374
28370
28363
28357
28352
28352
28334
28308
28299
28292
28285
28269
28257
28257
28249
28238
28220
28206
28196
28174
28173
28168
28158
28146
28130
28128
28124
28117
28116
28112
28083
28078
27988
27974
27967
27933
27932
27920
27920
27914
27906
27906
27896
27893
27864
27863
27858
27856
27834
27833
27833
27809
27806
27804
27802
27802
27798
27796
27773
27769
27764
27762
27737
27737
27730
27709
27657
27633
27630
27629
27613
27605
27584
27576
27564
27541
27532
27513
27499
27496
27447
27443
27442
27440
27435
27430
27428
27419
27404
27401
27396
27385
27359
27357
27352
27351
27312
27288
27269
27269
27268
27263
27259
27241
27211
27186
27162
27162
27157
27151
27150
27150
27144
27143
27138
27136
27119
27119
27089
27079
27065
27059
27055
27038
27031
27018
27004
26995
26986
26960
26953
26933
26930
26916
26910
26899
26891
26858
26856
26854
26851
26840
26839
26837
26833
26824
26822
26821
26814
26793
26786
26769
26768
26754
26753
26752
26740
26717
26713
26710
26709
26701
26679
26671
26625
26623
26621
26620
26619
26602
26590
26574
26556
26550
26542
26536
26526
26513
26502
26494
26472
26450
26442
26438
26425
26416
26414
26413
26408
26406
26390
26386
26385
26378
26370
26366
26360
26355
26316
26294
26271
26261
26237
26236
26221
26219
26219
26205
26187
26178
26173
26166
26158
26146
26143
26140
26139
26135
26125
26121
26118
26115
26104
26074
26061
26058
26046
26042
26037
26016
26014
25997
25977
25974
25970
25947
25941
25935
25924
25922
25918
25910
25889
25879
25879
25867
25857
25850
25848
25837
25826
25814
25782
25780
25766
25750
25743
25743
25735
25719
25696
25675
25670
25663
25657
25654
25647
25620
25591
25580
25569
25564
25559
25514
25503
25500
25475
25475
25466
25453
25438
25422
25422
25396
25391
25391
25389
25375
25369
25359
25357
25341
25325
25313
25311
25305
25296
25285
25276
25273
25270
25262
25251
25227
25224
25195
25176
25171
25161
25159
25157
25155
25149
25146
25122
25110
25101
25092
25086
25063
25062
25043
25034
24987
24972
24972
24951
24950
24946
24936
24928
24920
24919
24918
24895
24891
24888
24858
24852
24838
24837
24833
24827
24821
24817
24814
24813
24766
24758
24749
24748
24738
24718
24716
24682
24668
24659
24646
24643
24639
24624
24606
24603
24591
24590
24589
24584
24567
24549
24527
24504
24502
24501
24498
24488
24486
24474
24471
24470
24466
24465
24450
24446
24441
24430
24412
24409
24405
24398
24390
24371
24366
24339
24337
24297
24292
24279
24261
24257
24255
24239
24234
24229
24225
24220
24200
24196
24177
24170
24160
24153
24145
24142
24135
24124
24107
24098
24077
24065
24057
24056
24003
24002
23987
23973
23972
23970
23965
23953
23952
23948
23939
23935
23920
23920
23902
23894
23893
23891
23890
23882
23876
23870
23846
23844
23838
23797
23789
23783
23778
23777
23774
23754
23735
23718
23715
23691
23682
23671
23651
23642
23637
23614
23603
23594
23573
23572
23553
23546
23532
23523
23520
23516
23515
23513
23500
23485
23481
23473
23460
23451
23433
23423
23422
23404
23397
23365
23360
23328
23320
23310
23297
23294
23284
23282
23277
23277
23267
23265
23258
23251
23242
23237
23225
23219
23213
23206
23196
23184
23182
23176
23165
23154
23144
23140
23137
23135
23112
23111
23096
23081
23073
23072
23053
23051
23035
23023
23011
23006
23002
22995
22962
22953
22948
22939
22915
22907
22894
22882
22876
22868
22861
22848
22847
22844
22840
22837
22836
22831
22812
22809
22802
22799
22777
22775
22762
22761
22759
22753
22735
22735
22732
22730
22723
22719
22719
22710
22696
22637
22635
22634
22633
22593
22590
22561
22556
22553
22548
22543
22533
22531
22530
22523
22523
22516
22509
22505
22498
22497
22489
22486
22479
22474
22473
22464
22460
22457
22451
22438
22429
22411
22403
22377
22376
22353
22344
22339
22338
22317
22316
22315
22311
22307
22288
22285
22278
22266
22266
22253
22251
22226
22217
22200
22178
22173
22146
22145
22145
22145
22145
22143
22129
22119
22110
22090
22071
22066
22041
22039
22039
22038
22037
22003
21991
21985
21982
21981
21980
21963
21957
21956
21945
21936
21926
21925
21923
21916
21915
21902
21902
21900
21899
21888
21886
21861
21852
21840
21839
21834
21809
21795
21777
21769
21766
21755
21749
21745
21745
21738
21730
21721
21718
21718
21717
21713
21710
21695
21689
21688
21678
21673
21665
21664
21652
21629
21623
21608
21593
21584
21583
21583
21575
21571
21560
21544
21540
21540
21529
21529
21525
21520
21495
21473
21446
21406
21396
21392
21389
21384
21379
21374
21362
21348
21340
21334
21321
21317
21310
21298
21295
21278
21271
21262
21261
21252
21249
21240
21234
21228
21204
21200
21197
21197
21196
21195
21193
21185
21183
21165
21154
21150
21142
21130
21119
21106
21076
21075
21069
21065
21063
21055
21053
21035
21027
20997
20992
20970
20964
20961
20955
20939
20928
20924
20919
20903
20883
20875
20864
20863
20863
20851
20846
20836
20832
20826
20824
20823
20820
20812
20808
20778
20754
20748
20744
20740
20738
20736
20726
20725
20722
20720
20662
20655
20651
20647
20642
20639
20628
20622
20619
20581
20558
20555
20530
20510
20496
20494
20450
20446
20442
20442
20434
20430
20426
20420
20415
20415
20381
20380
20373
20371
20364
20349
20343
20342
20338
20325
20319
20285
20270
20269
20263
20260
20238
20237
20235
20231
20227
20222
20218
20217
20203
20194
20190
20186
20173
20169
20136
20110
20108
20098
20084
20071
20061
20056
20041
20022
20017
20014
20004
19965
19957
19948
19945
19939
19931
19923
19880
19876
19861
19858
19834
19828
19782
19763
19747
19742
19740
19728
19718
19704
19701
19698
19689
19658
19619
19617
19617
19602
19600
19595
19594
19587
19586
19573
19572
19562
19553
19550
19541
19537
19531
19526
19510
19505
19447
19445
19436
19414
19413
19373
19363
19357
19351
19332
19320
19315
19308
19284
19282
19274
19230
19220
19215
19214
19212
19203
19200
19195
19173
19167
19154
19149
19139
19137
19136
19135
19129
19126
19109
19094
19091
19072
19064
19044
19036
19020
19006
18992
18989
18987
18987
18961
18949
18939
18903
18884
18882
18867
18864
18823
18806
18794
18793
18791
18777
18773
18766
18761
18759
18757
18748
18743
18723
18719
18699
18696
18688
18684
18662
18620
18612
18612
18610
18579
18575
18573
18568
18555
18546
18539
18533
18531
18527
18522
18516
18496
18490
18482
18478
18468
18447
18443
18354
18346
18339
18335
18325
18316
18304
18290
18286
18276
18274
18259
18227
18220
18220
18218
18215
18191
18183
18180
18179
18168
18167
18159
18141
18123
18114
18100
18090
18088
18078
18077
18073
18067
18049
18020
18018
18017
17924
17923
17921
17909
17889
17882
17882
17859
17847
17833
17817
17812
17807
17771
17767
17754
17746
17742
17735
17735
17720
17719
17711
17700
17692
17681
17677
17658
17652
17647
17644
17639
17635
17633
17612
17611
17602
17601
17600
17591
17562
17562
17526
17515
17514
17512
17499
17499
17495
17493
17489
17452
17450
17441
17436
17430
17425
17418
17415
17414
17399
17378
17373
17359
17358
17353
17351
17349
17328
17296
17274
17270
17267
17261
17234
17234
17225
17194
17191
17188
17186
17166
17132
17131
17106
17098
17097
17094
17084
17051
17050
17030
17029
17028
17021
17021
17020
17006
17005
17005
17000
16997
16993
16962
16953
16938
16933
16922
16918
16885
16879
16876
16874
16871
16866
16850
16839
16825
16823
16818
16797
16797
16767
16764
16732
16712
16708
16705
16697
16690
16674
16672
16671
16663
16656
16636
16612
16579
16578
16567
16548
16529
16525
16477
16454
16454
16444
16437
16435
16418
16416
16407
16404
16403
16397
16385
16381
16371
16369
16355
16344
16344
16306
16305
16303
16295
16288
16287
16277
16262
16261
16259
16248
16231
16226
16214
16209
16186
16166
16135
16131
16082
16080
16080
16079
16077
16074
16071
16066
16062
16050
16045
16042
16035
16021
16012
16004
15998
15968
15965
15944
15921
15913
15899
15896
15871
15866
15865
15864
15855
15854
15850
15831
15813
15810
15781
15743
15730
15725
15721
15703
15699
15680
15670
15665
15664
15646
15645
15634
15632
15611
15601
15594
15594
15589
15566
15558
15534
15531
15516
15509
15484
15477
15460
15414
15400
15397
15395
15366
15359
15349
15346
15344
15343
15335
15333
15312
15309
15308
15307
15298
15294
15289
15261
15256
15255
15242
15236
15225
15212
15208
15206
15190
15150
15137
15125
15117
15106
15100
15092
15062
15061
15060
15052
15041
15030
15030
15025
15016
15015
15007
14997
14995
14970
14968
14967
14944
14934
14929
14923
14922
14911
14908
14879
14879
14856
14849
14840
14839
14831
14826
14826
14823
14809
14798
14798
14795
14782
14778
14770
14767
14736
14732
14728
14723
14712
14693
14680
14661
14661
14651
14649
14649
14647
14645
14639
14635
14628
14627
14609
14607
14594
14558
14518
14511
14506
14494
14486
14485
14476
14474
14472
14442
14442
14440
14437
14432
14421
14373
14364
14364
14354
14341
14327
14321
14313
14306
14301
14282
14268
14237
14233
14231
14230
14226
14204
14173
14157
14155
14125
14119
14115
14101
14075
14044
14033
14024
14017
14003
13992
13988
13983
13968
13942
13919
13902
13900
13895
13892
13877
13862
13849
13848
13830
13803
13796
13781
13779
13778
13722
13718
13718
13717
13710
13710
13685
13675
13672
13657
13648
13618
13615
13609
13602
13595
13585
13583
13563
13562
13541
13513
13512
13498
13493
13481
13473
13466
13466
13449
13433
13433
13423
13421
13405
13403
13394
13389
13389
13388
13384
13380
13367
13362
13360
13353
13344
13337
13335
13332
13325
13310
13308
13307
13277
13266
13244
13234
13229
13204
13197
13172
13131
13126
13117
13113
13107
13090
13084
13081
13075
13065
13056
13052
13045
13043
13043
13042
13018
13010
13002
12990
12972
12965
12948
12939
12934
12909
12907
12897
12864
12858
12855
12841
12797
12797
12788
12787
12781
12771
12749
12737
12729
12725
12716
12696
12695
12678
12668
12660
12659
12658
12657
12646
12600
12579
12574
12557
12535
12513
12503
12499
12494
12466
12465
12425
12417
12403
12391
12389
12382
12346
12324
12298
12294
12293
12291
12284
12284
12268
12253
12248
12246
12239
12239
12231
12223
12216
12208
12198
12176
12174
12149
12137
12127
12127
12111
12111
12105
12096
12092
12084
12079
12068
12062
12051
12048
12029
12020
12003
11997
11975
11936
11935
11931
11919
11898
11885
11873
11865
11849
11841
11830
11821
11807
11798
11796
11779
11751
11747
11742
11738
11732
11684
11668
11668
11667
11661
11658
11651
11640
11608
11607
11605
11594
11589
11589
11573
11567
11564
11559
11548
11542
11537
11534
11523
11519
11510
11506
11488
11480
11452
11449
11437
11432
11425
11419
11419
11412
11401
11377
11355
11353
11329
11324
11314
11311
11300
11300
11292
11263
11259
11253
11226
11223
11211
11205
11195
11191
11187
11183
11180
11175
11168
11166
11165
11154
11144
11125
11117
11089
11080
11068
11065
11050
11044
11033
11033
11029
11025
11006
10999
10994
10992
10988
10985
10978
10964
10953
10934
10930
10901
10887
10884
10872
10866
10845
10843
10837
10830
10816
10812
10804
10800
10785
10778
10774
10753
10733
10719
10718
10709
10703
10670
10663
10659
10658
10645
10644
10628
10622
10621
10607
10585
10584
10579
10575
10567
10555
10551
10535
10527
10511
10497
10494
10476
10469
10450
10439
10429
10415
10407
10386
10382
10379
10367
10362
10359
10352
10345
10301
10300
10300
10298
10288
10274
10273
10258
10253
10248
10241
10230
10230
10221
10213
10205
10188
10155
10124
10119
10116
10102
10090
10087
10085
10077
10076
10073
10069
10057
10056
10022
10016
10015
10007
9995
9987
9987
9987
9951
9950
9943
9933
9930
9912
9908
9906
9903
9903
9848
9813
9765
9751
9731
9727
9718
9692
9690
9683
9676
9676
9671
9669
9667
9661
9644
9625
9616
9608
9607
9575
9568
9568
9559
9536
9499
9483
9482
9466
9464
9447
9435
9421
9413
9412
9407
9380
9341
9334
9333
9330
9326
9321
9307
9305
9303
9295
9290
9274
9214
9213
9199
9199
9194
9182
9167
9165
9164
9161
9159
9157
9151
9143
9142
9141
9134
9129
9124
9122
9106
9104
9084
9080
9080
9072
9042
9010
9005
8991
8986
8982
8977
8974
8961
8959
8943
8930
8921
8911
8902
8897
8887
8863
8858
8841
8824
8804
8787
8778
8759
8752
8734
8733
8726
8718
8628
8628
8610
8593
8586
8585
8577
8559
8553
8553
8541
8540
8526
8519
8501
8495
8484
8467
8452
8434
8422
8413
8412
8399
8376
8367
8338
8314
8309
8301
8294
8291
8274
8260
8244
8243
8235
8230
8228
8221
8219
8218
8207
8202
8196
8192
8182
8182
8180
8153
8148
8146
8136
8135
8132
8125
8125
8123
8117
8106
8103
8079
8053
8044
8042
8036
8031
8015
8010
8009
8005
8001
7998
7996
7995
7959
7951
7945
7938
7917
7913
7889
7878
7867
7852
7850
7837
7822
7811
7809
7806
7800
7798
7794
7790
7775
7766
7744
7715
7689
7685
7680
7646
7633
7628
7612
7603
7588
7574
7567
7530
7525
7523
7496
7488
7477
7457
7436
7435
7435
7413
7387
7386
7385
7366
7355
7350
7335
7323
7306
7287
7282
7280
7263
7257
7247
7242
7239
7237
7214
7202
7201
7194
7188
7174
7164
7148
7144
7137
7129
7116
7106
7105
7097
7096
7073
7043
7003
6984
6975
6964
6954
6953
6941
6939
6937
6909
6903
6872
6867
6859
6833
6825
6815
6808
6796
6777
6762
6755
6751
6750
6749
6743
6743
6743
6739
6723
6719
6716
6711
6694
6690
6688
6686
6670
6666
6652
6644
6628
6575
6566
6559
6523
6521
6517
6517
6474
6460
6458
6457
6443
6440
6428
6421
6403
6402
6401
6399
6392
6389
6361
6358
6349
6343
6322
6312
6303
6301
6296
6288
6282
6264
6263
6249
6241
6211
6207
6194
6193
6193
6190
6175
6159
6152
6145
6144
6137
6099
6099
6098
6085
6085
6084
6059
6048
6048
6035
6030
6023
6002
6002
6000
5993
5985
5976
5971
5971
5965
5963
5954
5951
5943
5939
5922
5922
5914
5899
5891
5860
5844
5843
5822
5795
5781
5781
5775
5769
5761
5760
5759
5758
5749
5746
5739
5735
5732
5722
5721
5717
5703
5688
5684
5671
5671
5667
5665
5657
5645
5632
5631
5628
5627
5625
5608
5606
5597
5594
5561
5554
5553
5532
5523
5509
5507
5504
5504
5498
5496
5491
5484
5482
5446
5430
5414
5412
5402
5402
5399
5397
5396
5383
5373
5373
5329
5327
5326
5320
5318
5287
5282
5279
5260
5247
5245
5233
5224
5203
5203
5192
5190
5190
5160
5158
5152
5150
5148
5108
5100
5090
5084
5036
5012
5000
4998
4983
4966
4961
4928
4923
4916
4890
4883
4875
4872
4871
4860
4859
4858
4851
4835
4830
4820
4820
4817
4815
4814
4804
4804
4798
4751
4747
4742
4740
4717
4711
4703
4684
4679
4664
4659
4635
4634
4612
4607
4602
4597
4591
4574
4569
4550
4541
4522
4518
4510
4505
4496
4467
4442
4440
4439
4439
4393
4380
4378
4372
4371
4361
4351
4341
4340
4327
4310
4303
4297
4284
4281
4222
4216
4211
4208
4208
4204
4195
4194
4172
4146
4143
4123
4119
4119
4115
4114
4109
4091
4087
4084
4073
4072
4068
4059
4056
4055
4048
4047
4044
4042
4026
4020
4013
3993
3987
3968
3960
3949
3944
3941
3932
3926
3904
3888
3874
3868
3857
3846
3831
3817
3809
3782
3781
3776
3761
3759
3756
3745
3731
3710
3701
3700
3698
3687
3676
3672
3669
3664
3663
3642
3641
3629
3625
3622
3621
3619
3614
3613
3599
3593
3579
3550
3548
3547
3543
3542
3540
3538
3534
3520
3508
3496
3488
3450
3434
3417
3394
3392
3392
3373
3373
3365
3362
3361
3338
3335
3334
3327
3318
3311
3311
3310
3307
3288
3279
3254
3244
3236
3230
3230
3230
3222
3213
3199
3181
3181
3170
3159
3123
3098
3092
3088
3072
3066
3059
3051
3001
2997
2991
2990
2980
2974
2971
2965
2955
2945
2926
2925
2922
2907
2897
2894
2893
2892
2891
2873
2867
2866
2854
2852
2851
2849
2847
2846
2831
2824
2814
2811
2809
2804
2774
2770
2764
2762
2724
2721
2692
2688
2680
2662
2660
2647
2630
2623
2610
2602
2599
2591
2577
2562
2555
2537
2534
2527
2526
2516
2515
2510
2504
2501
2493
2492
2492
2483
2479
2446
2434
2420
2415
2398
2396
2394
2388
2384
2347
2333
2332
2303
2299
2295
2280
2278
2266
2256
2238
2231
2220
2206
2191
2189
2155
2145
2140
2118
2111
2111
2076
2039
2021
1986
1960
1954
1949
1947
1942
1928
1911
1891
1891
1874
1870
1864
1858
1845
1845
1845
1843
1836
1794
1789
1785
1776
1766
1763
1756
1708
1708
1707
1706
1689
1677
1669
1663
1661
1659
1634
1625
1609
1604
1595
1578
1572
1565
1565
1538
1537
1532
1526
1522
1500
1473
1444
1419
1407
1400
1400
1394
1386
1386
1382
1365
1353
1353
1351
1321
1314
1289
1281
1269
1262
1251
1246
1245
1243
1215
1214
1201
1200
1200
1195
1190
1166
1131
1124
1123
1105
1094
1093
1091
1075
1069
1068
1066
1065
1060
1033
1003
985
984
974
970
968
963
959
958
932
927
924
915
880
867
860
836
830
815
807
806
796
794
783
755
731
718
711
698
692
690
684
679
670
649
647
646
640
623
610
601
598
598
593
580
563
535
527
526
507
491
484
484
480
468
465
461
460
435
413
411
409
409
389
385
382
369
363
351
348
346
342
340
336
320
284
263
262
245
242
239
236
220
219
200
197
161
152
149
132
132
121
120
112
90
74
66
34
25
20
10
2
